0.4921259842519685,0.562992125984252,0.2755905511811024,0.7047244094488189,0.7125984251968503,0.47244094488188976,0.6496062992125984,0.7598425196850394,0.5275590551181102,0.41338582677165353,0.6771653543307087,0.84251968503937,0.4763779527559055,0.41732283464566927,0.3543307086614173,0.7244094488188977,0.7755905511811023,0.6220472440944882
0.4921259842519685,0.562992125984252,0.2755905511811024,0.7125984251968503,0.7125984251968503,0.47244094488188976,0.65748031496063,0.7677165354330708,0.5275590551181102,0.41338582677165353,0.6850393700787402,0.84251968503937,0.468503937007874,0.41732283464566927,0.3543307086614173,0.7244094488188977,0.7677165354330708,0.6220472440944882
0.4921259842519685,0.562992125984252,0.2755905511811024,0.7125984251968503,0.7125984251968503,0.47244094488188976,0.65748031496063,0.7677165354330708,0.5275590551181102,0.41338582677165353,0.6850393700787402,0.84251968503937,0.468503937007874,0.41732283464566927,0.3543307086614173,0.7244094488188977,0.7677165354330708,0.6220472440944882
0.421259842519685,0.468503937007874,0.3543307086614173,0.44881889763779526,0.36220472440944884,0.30708661417322836,0.35826771653543305,0.4763779527559055,0.28346456692913385,0.33070866141732286,0.39763779527559057,0.5196850393700787,0.1968503937007874,0.4251968503937008,0.2992125984251969,0.4094488188976378,0.3779527559055118,0.5
0.6456692913385826,0.6299212598425197,0.3346456692913386,0.7952755905511811,0.7204724409448819,0.4763779527559055,0.7283464566929134,0.7559055118110236,0.5,0.4251968503937008,0.7401574803149606,0.8346456692913385,0.4645669291338583,0.4330708661417323,0.37401574803149606,0.7086614173228346,0.8976377952755905,0.6417322834645669
0.4015748031496063,0.41338582677165353,0.35039370078740156,0.515748031496063,0.1968503937007874,0.3031496062992126,0.6220472440944882,0.4094488188976378,0.27165354330708663,0.3700787401574803,0.6968503937007874,0.42913385826771655,0.18110236220472442,0.5354330708661418,0.3661417322834646,0.36220472440944884,0.2677165354330709,0.6732283464566929
0.4015748031496063,0.41338582677165353,0.35039370078740156,0.515748031496063,0.1968503937007874,0.3031496062992126,0.6220472440944882,0.4094488188976378,0.27165354330708663,0.3700787401574803,0.6889763779527559,0.43700787401574803,0.18110236220472442,0.5275590551181102,0.37401574803149606,0.3700787401574803,0.2677165354330709,0.6732283464566929
0.41732283464566927,0.3188976377952756,0.4921259842519685,0.6732283464566929,0.6220472440944882,0.3425196850393701,0.6811023622047244,0.7519685039370079,0.20078740157480315,0.051181102362204724,0.7440944881889764,0.8385826771653543,0.11023622047244094,0.4566929133858268,0.38188976377952755,0.7322834645669292,0.4409448818897638,0.6299212598425197
0.6023622047244095,0.6023622047244095,0.2952755905511811,0.8149606299212598,0.7165354330708661,0.4645669291338583,0.7519685039370079,0.7401574803149606,0.6023622047244095,0.42913385826771655,0.7322834645669292,0.8307086614173228,0.49606299212598426,0.47244094488188976,0.37401574803149606,0.7244094488188977,0.8346456692913385,0.6181102362204725
0.37401574803149606,0.3425196850393701,0.3346456692913386,0.5433070866141733,0.20866141732283464,0.30708661417322836,0.6496062992125984,0.42913385826771655,0.2952755905511811,0.3188976377952756,0.7322834645669292,0.484251968503937,0.15354330708661418,0.5118110236220472,0.37401574803149606,0.4763779527559055,0.2440944881889764,0.6850393700787402
0.48031496062992124,0.3425196850393701,0.4881889763779528,0.6889763779527559,0.6141732283464567,0.35826771653543305,0.6929133858267716,0.7559055118110236,0.16141732283464566,0.051181102362204724,0.7559055118110236,0.8267716535433071,0.11023622047244094,0.484251968503937,0.38188976377952755,0.7322834645669292,0.40551181102362205,0.6456692913385826
0.5393700787401575,0.5236220472440944,0.3031496062992126,0.4645669291338583,0.1968503937007874,0.3346456692913386,0.40551181102362205,0.30708661417322836,0.28346456692913385,0.4645669291338583,0.5433070866141733,0.8307086614173228,0.07874015748031496,0.2992125984251969,0.32677165354330706,0.7401574803149606,0.4448818897637795,0.5275590551181102
0.4881889763779528,0.35039370078740156,0.468503937007874,0.6732283464566929,0.6062992125984252,0.3425196850393701,0.6850393700787402,0.7440944881889764,0.18110236220472442,0.07874015748031496,0.7598425196850394,0.7952755905511811,0.11023622047244094,0.5118110236220472,0.37401574803149606,0.6929133858267716,0.38976377952755903,0.6614173228346457
0.2677165354330709,0.27165354330708663,0.421259842519685,0.18503937007874016,0.7244094488188977,0.5118110236220472,0.24015748031496062,0.7834645669291339,0.5551181102362205,0.5275590551181102,0.31496062992125984,0.8582677165354331,0.5433070866141733,0.4763779527559055,0.2637795275590551,0.7559055118110236,0.9330708661417323,0.65748031496063
0.6181102362204725,0.6062992125984252,0.32677165354330706,0.7007874015748031,0.7283464566929134,0.43700787401574803,0.6535433070866141,0.7755905511811023,0.4763779527559055,0.37401574803149606,0.6929133858267716,0.8385826771653543,0.4645669291338583,0.44881889763779526,0.37401574803149606,0.7362204724409449,0.8307086614173228,0.6299212598425197
0.3779527559055118,0.41732283464566927,0.3661417322834646,0.31496062992125984,0.3464566929133858,0.3110236220472441,0.2795275590551181,0.43700787401574803,0.2755905511811024,0.32677165354330706,0.3464566929133858,0.5118110236220472,0.19291338582677164,0.4251968503937008,0.2874015748031496,0.4094488188976378,0.35826771653543305,0.48031496062992124
0.3858267716535433,0.41732283464566927,0.37401574803149606,0.3464566929133858,0.3464566929133858,0.3031496062992126,0.2952755905511811,0.43700787401574803,0.2755905511811024,0.35039370078740156,0.36220472440944884,0.5039370078740157,0.19291338582677164,0.4330708661417323,0.2874015748031496,0.3937007874015748,0.35039370078740156,0.5196850393700787
0.4251968503937008,0.3464566929133858,0.452755905511811,0.6535433070866141,0.6062992125984252,0.35039370078740156,0.7047244094488189,0.7322834645669292,0.18503937007874016,0.7598425196850394,0.8031496062992126,0.1220472440944882,0.5,0.37401574803149606,0.7047244094488189,0.3700787401574803,0.6299212598425197,0.007874015748031496
0.6062992125984252,0.6062992125984252,0.30708661417322836,0.7755905511811023,0.7440944881889764,0.40551181102362205,0.7204724409448819,0.7598425196850394,0.5551181102362205,0.4094488188976378,0.7283464566929134,0.8346456692913385,0.468503937007874,0.47244094488188976,0.3858267716535433,0.7204724409448819,0.8267716535433071,0.6259842519685039
0.5905511811023622,0.6141732283464567,0.2992125984251969,0.7677165354330708,0.7440944881889764,0.40551181102362205,0.7204724409448819,0.7677165354330708,0.5551181102362205,0.4015748031496063,0.7283464566929134,0.8346456692913385,0.46062992125984253,0.48031496062992124,0.3858267716535433,0.7204724409448819,0.8267716535433071,0.6259842519685039
0.4015748031496063,0.468503937007874,0.4094488188976378,0.39763779527559057,0.36220472440944884,0.30708661417322836,0.3543307086614173,0.4566929133858268,0.2795275590551181,0.3425196850393701,0.40551181102362205,0.515748031496063,0.1889763779527559,0.4409448818897638,0.29133858267716534,0.421259842519685,0.3661417322834646,0.5
0.44881889763779526,0.3464566929133858,0.4566929133858268,0.65748031496063,0.610236220472441,0.35039370078740156,0.7007874015748031,0.7401574803149606,0.14960629921259844,0.7637795275590551,0.8228346456692913,0.12992125984251968,0.4881889763779528,0.3700787401574803,0.7165354330708661,0.3188976377952756,0.6417322834645669,0.01968503937007874
0.562992125984252,0.594488188976378,0.29133858267716534,0.6968503937007874,0.7204724409448819,0.42913385826771655,0.6811023622047244,0.7795275590551181,0.48031496062992124,0.38188976377952755,0.6929133858267716,0.8503937007874016,0.42913385826771655,0.47244094488188976,0.3779527559055118,0.7204724409448819,0.7834645669291339,0.6141732283464567
0.5708661417322834,0.594488188976378,0.2992125984251969,0.6968503937007874,0.7283464566929134,0.421259842519685,0.6811023622047244,0.7874015748031497,0.47244094488188976,0.38188976377952755,0.7007874015748031,0.8503937007874016,0.421259842519685,0.4645669291338583,0.3779527559055118,0.7204724409448819,0.7834645669291339,0.6220472440944882
0.5393700787401575,0.49606299212598426,0.31496062992125984,0.452755905511811,0.2677165354330709,0.33858267716535434,0.40551181102362205,0.3110236220472441,0.3110236220472441,0.4566929133858268,0.5433070866141733,0.8582677165354331,0.18503937007874016,0.3110236220472441,0.33070866141732286,0.7440944881889764,0.5669291338582677,0.5393700787401575
0.37401574803149606,0.2559055118110236,0.30708661417322836,0.1141732283464567,0.6968503937007874,0.5039370078740157,0.15748031496062992,0.7677165354330708,0.5236220472440944,0.5787401574803149,0.16929133858267717,0.8503937007874016,0.5078740157480315,0.5354330708661418,0.25984251968503935,0.7322834645669292,0.8582677165354331,0.6929133858267716
0.5551181102362205,0.48031496062992124,0.33070866141732286,0.39763779527559057,0.21653543307086615,0.35039370078740156,0.33858267716535434,0.2992125984251969,0.3188976377952756,0.46062992125984253,0.4448818897637795,0.8503937007874016,0.32677165354330706,0.3543307086614173,0.31496062992125984,0.7086614173228346,0.6889763779527559,0.49606299212598426
0.4330708661417323,0.38976377952755903,0.3543307086614173,0.5196850393700787,0.16929133858267717,0.32677165354330706,0.6850393700787402,0.3937007874015748,0.24803149606299213,0.32677165354330706,0.7362204724409449,0.3779527559055118,0.14566929133858267,0.5826771653543307,0.3543307086614173,0.3188976377952756,0.24803149606299213,0.6811023622047244
0.33070866141732286,0.2637795275590551,0.3464566929133858,0.18110236220472442,0.7125984251968503,0.5039370078740157,0.21653543307086615,0.7716535433070866,0.547244094488189,0.531496062992126,0.27165354330708663,0.8464566929133859,0.5118110236220472,0.49606299212598426,0.27165354330708663,0.7244094488188977,0.8622047244094488,0.6496062992125984
0.6062992125984252,0.6141732283464567,0.2992125984251969,0.7007874015748031,0.7440944881889764,0.4409448818897638,0.6614173228346457,0.7913385826771654,0.4566929133858268,0.3425196850393701,0.6929133858267716,0.8385826771653543,0.46062992125984253,0.4094488188976378,0.39763779527559057,0.7244094488188977,0.8858267716535433,0.6062992125984252
0.5551181102362205,0.4881889763779528,0.3228346456692913,0.39763779527559057,0.20866141732283464,0.35039370078740156,0.35826771653543305,0.3031496062992126,0.3188976377952756,0.43700787401574803,0.484251968503937,0.8543307086614174,0.3031496062992126,0.32677165354330706,0.32677165354330706,0.7244094488188977,0.7244094488188977,0.5118110236220472
0.5905511811023622,0.5866141732283464,0.30708661417322836,0.7204724409448819,0.7362204724409449,0.3858267716535433,0.6771653543307087,0.7677165354330708,0.47244094488188976,0.33858267716535434,0.7125984251968503,0.8346456692913385,0.4251968503937008,0.4409448818897638,0.4015748031496063,0.7244094488188977,0.8622047244094488,0.610236220472441
0.3543307086614173,0.30708661417322836,0.31496062992125984,0.515748031496063,0.1732283464566929,0.3346456692913386,0.6732283464566929,0.40551181102362205,0.27165354330708663,0.27165354330708663,0.7519685039370079,0.4763779527559055,0.15354330708661418,0.5433070866141733,0.3700787401574803,0.4409448818897638,0.2283464566929134,0.6732283464566929
0.3543307086614173,0.30708661417322836,0.33858267716535434,0.515748031496063,0.1889763779527559,0.3188976377952756,0.6417322834645669,0.39763779527559057,0.27165354330708663,0.3425196850393701,0.7047244094488189,0.42913385826771655,0.18503937007874016,0.5433070866141733,0.36220472440944884,0.33858267716535434,0.27165354330708663,0.6653543307086615
0.5708661417322834,0.5866141732283464,0.2992125984251969,0.6850393700787402,0.7362204724409449,0.4448818897637795,0.6299212598425197,0.7755905511811023,0.4330708661417323,0.37401574803149606,0.6692913385826772,0.8385826771653543,0.4015748031496063,0.4409448818897638,0.3779527559055118,0.7283464566929134,0.7952755905511811,0.5905511811023622
0.43700787401574803,0.36220472440944884,0.4763779527559055,0.6417322834645669,0.6062992125984252,0.3425196850393701,0.7086614173228346,0.7283464566929134,0.15354330708661418,0.05905511811023622,0.7755905511811023,0.7519685039370079,0.1141732283464567,0.5,0.3779527559055118,0.6338582677165354,0.41732283464566927,0.6377952755905512
0.39763779527559057,0.27165354330708663,0.3188976377952756,0.48031496062992124,0.17716535433070865,0.32677165354330706,0.6299212598425197,0.38976377952755903,0.2283464566929134,0.2952755905511811,0.7007874015748031,0.4251968503937008,0.12992125984251968,0.531496062992126,0.33858267716535434,0.33858267716535434,0.2559055118110236,0.6259842519685039
0.5196850393700787,0.5,0.3110236220472441,0.4566929133858268,0.1889763779527559,0.3346456692913386,0.4094488188976378,0.3031496062992126,0.29133858267716534,0.452755905511811,0.5748031496062992,0.8858267716535433,0.11811023622047244,0.2440944881889764,0.33070866141732286,0.6141732283464567,0.4330708661417323,0.5236220472440944
0.4645669291338583,0.38188976377952755,0.4763779527559055,0.6456692913385826,0.594488188976378,0.36220472440944884,0.7125984251968503,0.7283464566929134,0.17716535433070865,0.05905511811023622,0.7874015748031497,0.7952755905511811,0.07874015748031496,0.484251968503937,0.3700787401574803,0.531496062992126,0.4251968503937008,0.6535433070866141
0.5393700787401575,0.6062992125984252,0.28346456692913385,0.7007874015748031,0.7322834645669292,0.39763779527559057,0.6692913385826772,0.7716535433070866,0.4566929133858268,0.4094488188976378,0.7125984251968503,0.8503937007874016,0.41338582677165353,0.452755905511811,0.37401574803149606,0.6811023622047244,0.7874015748031497,0.5826771653543307
0.452755905511811,0.36220472440944884,0.4763779527559055,0.6496062992125984,0.6141732283464567,0.3346456692913386,0.7047244094488189,0.7362204724409449,0.15354330708661418,0.03543307086614173,0.7755905511811023,0.8110236220472441,0.09055118110236221,0.49606299212598426,0.37401574803149606,0.6023622047244095,0.5118110236220472,0.6220472440944882
0.5354330708661418,0.5236220472440944,0.3110236220472441,0.44881889763779526,0.2047244094488189,0.3346456692913386,0.3779527559055118,0.30708661417322836,0.29133858267716534,0.4251968503937008,0.5196850393700787,0.8464566929133859,0.11023622047244094,0.3188976377952756,0.32677165354330706,0.6732283464566929,0.610236220472441,0.49606299212598426
0.40551181102362205,0.38188976377952755,0.3188976377952756,0.48031496062992124,0.17716535433070865,0.32677165354330706,0.6653543307086615,0.468503937007874,0.2795275590551181,0.2283464566929134,0.7362204724409449,0.4921259842519685,0.15354330708661418,0.5236220472440944,0.35826771653543305,0.38976377952755903,0.23622047244094488,0.6377952755905512
0.42913385826771655,0.43700787401574803,0.39763779527559057,0.47244094488188976,0.3031496062992126,0.2952755905511811,0.40551181102362205,0.40551181102362205,0.24803149606299213,0.35826771653543305,0.4251968503937008,0.46062992125984253,0.15354330708661418,0.4448818897637795,0.2874015748031496,0.3661417322834646,0.2992125984251969,0.4881889763779528
0.4448818897637795,0.33858267716535434,0.46062992125984253,0.6535433070866141,0.5984251968503937,0.3425196850393701,0.7125984251968503,0.7047244094488189,0.13385826771653545,0.011811023622047244,0.7283464566929134,0.7834645669291339,0.15354330708661418,0.531496062992126,0.3661417322834646,0.6929133858267716,0.6023622047244095,0.6259842519685039
0.5669291338582677,0.594488188976378,0.29133858267716534,0.7677165354330708,0.7362204724409449,0.38976377952755903,0.6929133858267716,0.7440944881889764,0.5,0.3543307086614173,0.7007874015748031,0.8267716535433071,0.4645669291338583,0.43700787401574803,0.38188976377952755,0.7165354330708661,0.7598425196850394,0.6023622047244095
0.44881889763779526,0.3425196850393701,0.4881889763779528,0.6417322834645669,0.6141732283464567,0.3110236220472441,0.6850393700787402,0.7362204724409449,0.1732283464566929,0.05511811023622047,0.7519685039370079,0.7755905511811023,0.13385826771653545,0.4566929133858268,0.37401574803149606,0.6614173228346457,0.42913385826771655,0.6417322834645669
0.47244094488188976,0.3425196850393701,0.4881889763779528,0.6417322834645669,0.6220472440944882,0.3110236220472441,0.6850393700787402,0.7362204724409449,0.16535433070866143,0.7519685039370079,0.7755905511811023,0.13385826771653545,0.4645669291338583,0.37401574803149606,0.6692913385826772,0.421259842519685,0.6417322834645669,0.28346456692913385
0.5354330708661418,0.515748031496063,0.3110236220472441,0.46062992125984253,0.2204724409448819,0.33070866141732286,0.38188976377952755,0.3110236220472441,0.29133858267716534,0.42913385826771655,0.515748031496063,0.8503937007874016,0.14173228346456693,0.32677165354330706,0.32677165354330706,0.7322834645669292,0.5,0.5
0.3110236220472441,0.30708661417322836,0.38188976377952755,0.2755905511811024,0.7283464566929134,0.4881889763779528,0.25196850393700787,0.7755905511811023,0.5118110236220472,0.41338582677165353,0.3346456692913386,0.8582677165354331,0.5393700787401575,0.468503937007874,0.2795275590551181,0.7440944881889764,0.9409448818897638,0.610236220472441
0.5748031496062992,0.5905511811023622,0.3031496062992126,0.6929133858267716,0.7519685039370079,0.41732283464566927,0.65748031496063,0.7755905511811023,0.4409448818897638,0.3228346456692913,0.7086614173228346,0.8346456692913385,0.468503937007874,0.4015748031496063,0.38976377952755903,0.7165354330708661,0.8818897637795275,0.6220472440944882
0.5393700787401575,0.468503937007874,0.3188976377952756,0.41732283464566927,0.2125984251968504,0.3425196850393701,0.37401574803149606,0.30708661417322836,0.31496062992125984,0.43700787401574803,0.4921259842519685,0.8582677165354331,0.2795275590551181,0.33070866141732286,0.32677165354330706,0.7086614173228346,0.7204724409448819,0.515748031496063
0.3661417322834646,0.3346456692913386,0.3188976377952756,0.47244094488188976,0.1968503937007874,0.3188976377952756,0.6456692913385826,0.44881889763779526,0.2992125984251969,0.29133858267716534,0.7125984251968503,0.468503937007874,0.19291338582677164,0.4881889763779528,0.3425196850393701,0.33070866141732286,0.25984251968503935,0.5866141732283464
0.5275590551181102,0.5236220472440944,0.3188976377952756,0.44881889763779526,0.20078740157480315,0.3346456692913386,0.3937007874015748,0.2952755905511811,0.2952755905511811,0.46062992125984253,0.515748031496063,0.84251968503937,0.16535433070866143,0.30708661417322836,0.3188976377952756,0.562992125984252,0.3346456692913386,0.4645669291338583
0.5275590551181102,0.5236220472440944,0.3188976377952756,0.44881889763779526,0.20078740157480315,0.3346456692913386,0.3937007874015748,0.2952755905511811,0.2952755905511811,0.452755905511811,0.5236220472440944,0.84251968503937,0.14960629921259844,0.31496062992125984,0.3188976377952756,0.562992125984252,0.3346456692913386,0.48031496062992124
0.3031496062992126,0.31496062992125984,0.3937007874015748,0.2874015748031496,0.7362204724409449,0.4921259842519685,0.2637795275590551,0.7755905511811023,0.515748031496063,0.468503937007874,0.3425196850393701,0.8503937007874016,0.5236220472440944,0.47244094488188976,0.2795275590551181,0.7480314960629921,0.937007874015748,0.6535433070866141
0.46062992125984253,0.33858267716535434,0.43700787401574803,0.6259842519685039,0.6062992125984252,0.3228346456692913,0.6929133858267716,0.6929133858267716,0.18110236220472442,0.015748031496062992,0.7834645669291339,0.7480314960629921,0.15354330708661418,0.40551181102362205,0.3661417322834646,0.6181102362204725,0.5,0.6614173228346457
0.452755905511811,0.33858267716535434,0.4448818897637795,0.6259842519685039,0.6141732283464567,0.3228346456692913,0.6850393700787402,0.7007874015748031,0.18110236220472442,0.023622047244094488,0.7834645669291339,0.7559055118110236,0.15354330708661418,0.41338582677165353,0.37401574803149606,0.6181102362204725,0.515748031496063,0.6614173228346457
0.35826771653543305,0.25984251968503935,0.3031496062992126,0.4645669291338583,0.17716535433070865,0.33070866141732286,0.6614173228346457,0.41732283464566927,0.2559055118110236,0.25196850393700787,0.7283464566929134,0.4566929133858268,0.16535433070866143,0.484251968503937,0.35039370078740156,0.3110236220472441,0.28346456692913385,0.65748031496063
0.5826771653543307,0.5590551181102362,0.2952755905511811,0.7283464566929134,0.7362204724409449,0.41338582677165353,0.6496062992125984,0.7716535433070866,0.43700787401574803,0.3779527559055118,0.6889763779527559,0.8464566929133859,0.38188976377952755,0.421259842519685,0.38188976377952755,0.7086614173228346,0.8700787401574803,0.610236220472441
0.47244094488188976,0.3700787401574803,0.5078740157480315,0.6377952755905512,0.6299212598425197,0.32677165354330706,0.6889763779527559,0.7322834645669292,0.12992125984251968,0.007874015748031496,0.7677165354330708,0.7913385826771654,0.1141732283464567,0.44881889763779526,0.37401574803149606,0.6535433070866141,0.5196850393700787,0.65748031496063
0.33070866141732286,0.2677165354330709,0.29133858267716534,0.46062992125984253,0.16929133858267717,0.3346456692913386,0.65748031496063,0.40551181102362205,0.2125984251968504,0.2559055118110236,0.7165354330708661,0.4409448818897638,0.1377952755905512,0.5039370078740157,0.3425196850393701,0.36220472440944884,0.1968503937007874,0.6181102362204725
0.4015748031496063,0.40551181102362205,0.36220472440944884,0.484251968503937,0.2952755905511811,0.2952755905511811,0.40551181102362205,0.421259842519685,0.23622047244094488,0.3228346456692913,0.4251968503937008,0.4566929133858268,0.15354330708661418,0.4330708661417323,0.29133858267716534,0.36220472440944884,0.2755905511811024,0.484251968503937
0.33858267716535434,0.2952755905511811,0.36220472440944884,0.16141732283464566,0.7362204724409449,0.5,0.2559055118110236,0.7716535433070866,0.5078740157480315,0.5551181102362205,0.2795275590551181,0.8543307086614174,0.5,0.49606299212598426,0.23622047244094488,0.7637795275590551,0.9488188976377953,0.6850393700787402
0.43700787401574803,0.3346456692913386,0.4448818897637795,0.6299212598425197,0.6062992125984252,0.33858267716535434,0.6968503937007874,0.7047244094488189,0.16929133858267717,0.023622047244094488,0.7795275590551181,0.7716535433070866,0.14566929133858267,0.4251968503937008,0.36220472440944884,0.6456692913385826,0.5551181102362205,0.6614173228346457
0.39763779527559057,0.41338582677165353,0.3937007874015748,0.3858267716535433,0.38188976377952755,0.30708661417322836,0.35826771653543305,0.468503937007874,0.24803149606299213,0.32677165354330706,0.38976377952755903,0.5275590551181102,0.17716535433070865,0.4330708661417323,0.29133858267716534,0.4330708661417323,0.36220472440944884,0.49606299212598426
0.5236220472440944,0.5039370078740157,0.3031496062992126,0.44881889763779526,0.20078740157480315,0.33858267716535434,0.41732283464566927,0.30708661417322836,0.2992125984251969,0.4448818897637795,0.5551181102362205,0.84251968503937,0.09055118110236221,0.2874015748031496,0.33070866141732286,0.7362204724409449,0.421259842519685,0.515748031496063
0.5236220472440944,0.5118110236220472,0.3031496062992126,0.4409448818897638,0.20866141732283464,0.33858267716535434,0.41732283464566927,0.2992125984251969,0.2992125984251969,0.43700787401574803,0.562992125984252,0.8503937007874016,0.08267716535433071,0.2952755905511811,0.33070866141732286,0.7204724409448819,0.42913385826771655,0.5236220472440944
0.6023622047244095,0.610236220472441,0.33070866141732286,0.6692913385826772,0.7322834645669292,0.4251968503937008,0.6338582677165354,0.7755905511811023,0.41338582677165353,0.37401574803149606,0.6732283464566929,0.84251968503937,0.4015748031496063,0.4448818897637795,0.3779527559055118,0.7204724409448819,0.8188976377952756,0.610236220472441
0.452755905511811,0.3700787401574803,0.46062992125984253,0.6181102362204725,0.6023622047244095,0.35826771653543305,0.6968503937007874,0.7125984251968503,0.1968503937007874,0.07480314960629922,0.7598425196850394,0.7480314960629921,0.13385826771653545,0.4763779527559055,0.3779527559055118,0.6338582677165354,0.43700787401574803,0.6456692913385826
0.40551181102362205,0.42913385826771655,0.41732283464566927,0.4015748031496063,0.38976377952755903,0.3031496062992126,0.3700787401574803,0.4881889763779528,0.25196850393700787,0.36220472440944884,0.4094488188976378,0.5511811023622047,0.18110236220472442,0.4448818897637795,0.29133858267716534,0.4409448818897638,0.3661417322834646,0.5078740157480315
0.37401574803149606,0.30708661417322836,0.36220472440944884,0.11023622047244094,0.7204724409448819,0.5,0.1889763779527559,0.7755905511811023,0.5236220472440944,0.5590551181102362,0.21653543307086615,0.8543307086614174,0.5039370078740157,0.5039370078740157,0.2440944881889764,0.7559055118110236,0.905511811023622,0.6811023622047244
0.4330708661417323,0.3464566929133858,0.4409448818897638,0.6181102362204725,0.610236220472441,0.3464566929133858,0.6850393700787402,0.7047244094488189,0.1732283464566929,0.03543307086614173,0.7755905511811023,0.7834645669291339,0.12598425196850394,0.41338582677165353,0.35826771653543305,0.5866141732283464,0.5,0.610236220472441
0.37401574803149606,0.27165354330708663,0.29133858267716534,0.452755905511811,0.16141732283464566,0.33858267716535434,0.6535433070866141,0.38976377952755903,0.2204724409448819,0.2559055118110236,0.7125984251968503,0.4330708661417323,0.1220472440944882,0.5039370078740157,0.3425196850393701,0.3425196850393701,0.25984251968503935,0.6535433070866141
0.4409448818897638,0.33070866141732286,0.452755905511811,0.6771653543307087,0.594488188976378,0.35039370078740156,0.7086614173228346,0.7047244094488189,0.15354330708661418,0.03543307086614173,0.7755905511811023,0.7598425196850394,0.0984251968503937,0.4645669291338583,0.39763779527559057,0.6181102362204725,0.5511811023622047,0.6692913385826772
0.3661417322834646,0.3110236220472441,0.2795275590551181,0.44881889763779526,0.17716535433070865,0.3228346456692913,0.6299212598425197,0.40551181102362205,0.21653543307086615,0.2559055118110236,0.7086614173228346,0.44881889763779526,0.1377952755905512,0.47244094488188976,0.3425196850393701,0.38188976377952755,0.23228346456692914,0.6259842519685039
0.5078740157480315,0.547244094488189,0.2952755905511811,0.43700787401574803,0.2047244094488189,0.33858267716535434,0.3858267716535433,0.29133858267716534,0.28346456692913385,0.468503937007874,0.5,0.84251968503937,0.16535433070866143,0.3031496062992126,0.32677165354330706,0.7086614173228346,0.5433070866141733,0.5
0.3346456692913386,0.30708661417322836,0.38976377952755903,0.1968503937007874,0.7362204724409449,0.4921259842519685,0.24803149606299213,0.7716535433070866,0.5078740157480315,0.4881889763779528,0.2952755905511811,0.8503937007874016,0.5236220472440944,0.49606299212598426,0.24015748031496062,0.7637795275590551,0.9251968503937008,0.6889763779527559
0.38188976377952755,0.4094488188976378,0.40551181102362205,0.3661417322834646,0.3700787401574803,0.31496062992125984,0.3346456692913386,0.468503937007874,0.27165354330708663,0.3661417322834646,0.38188976377952755,0.5118110236220472,0.19291338582677164,0.4409448818897638,0.2874015748031496,0.41732283464566927,0.3700787401574803,0.515748031496063
0.5708661417322834,0.594488188976378,0.2874015748031496,0.7165354330708661,0.7440944881889764,0.4330708661417323,0.6535433070866141,0.7795275590551181,0.4645669291338583,0.33858267716535434,0.6811023622047244,0.8346456692913385,0.452755905511811,0.4251968503937008,0.39763779527559057,0.7401574803149606,0.9015748031496063,0.6023622047244095
0.3700787401574803,0.30708661417322836,0.35826771653543305,0.11811023622047244,0.7322834645669292,0.49606299212598426,0.1968503937007874,0.7677165354330708,0.515748031496063,0.5,0.2047244094488189,0.8503937007874016,0.5078740157480315,0.5,0.24803149606299213,0.7480314960629921,0.8818897637795275,0.6811023622047244
0.421259842519685,0.29133858267716534,0.2952755905511811,0.44881889763779526,0.16535433070866143,0.3425196850393701,0.65748031496063,0.38976377952755903,0.2559055118110236,0.2559055118110236,0.7204724409448819,0.468503937007874,0.12598425196850394,0.4763779527559055,0.35039370078740156,0.3779527559055118,0.2283464566929134,0.6496062992125984
0.562992125984252,0.5236220472440944,0.3110236220472441,0.452755905511811,0.21653543307086615,0.3425196850393701,0.38188976377952755,0.29133858267716534,0.2992125984251969,0.4881889763779528,0.4921259842519685,0.8267716535433071,0.19291338582677164,0.2952755905511811,0.3188976377952756,0.531496062992126,0.3228346456692913,0.4645669291338583
0.3464566929133858,0.3031496062992126,0.38976377952755903,0.20078740157480315,0.7322834645669292,0.4921259842519685,0.24803149606299213,0.7716535433070866,0.5039370078740157,0.4921259842519685,0.24015748031496062,0.8543307086614174,0.5236220472440944,0.49606299212598426,0.24803149606299213,0.7637795275590551,0.9173228346456693,0.6889763779527559
0.41732283464566927,0.39763779527559057,0.38976377952755903,0.3425196850393701,0.3228346456692913,0.3110236220472441,0.3110236220472441,0.41338582677165353,0.2559055118110236,0.3937007874015748,0.3700787401574803,0.42913385826771655,0.1377952755905512,0.43700787401574803,0.2874015748031496,0.35039370078740156,0.32677165354330706,0.531496062992126
0.4251968503937008,0.39763779527559057,0.39763779527559057,0.35039370078740156,0.3228346456692913,0.3110236220472441,0.3110236220472441,0.41338582677165353,0.2559055118110236,0.3858267716535433,0.3700787401574803,0.4448818897637795,0.14566929133858267,0.43700787401574803,0.2874015748031496,0.35826771653543305,0.32677165354330706,0.5393700787401575
0.3779527559055118,0.3425196850393701,0.41338582677165353,0.17716535433070865,0.7362204724409449,0.5118110236220472,0.2440944881889764,0.7795275590551181,0.5275590551181102,0.5236220472440944,0.25196850393700787,0.8543307086614174,0.5236220472440944,0.5118110236220472,0.2440944881889764,0.7637795275590551,0.8976377952755905,0.7322834645669292
0.3779527559055118,0.35039370078740156,0.41338582677165353,0.20078740157480315,0.7362204724409449,0.5196850393700787,0.2440944881889764,0.7795275590551181,0.5275590551181102,0.5078740157480315,0.2677165354330709,0.8543307086614174,0.5236220472440944,0.5039370078740157,0.2440944881889764,0.7716535433070866,0.8976377952755905,0.7244094488188977
0.6259842519685039,0.5590551181102362,0.2874015748031496,0.7480314960629921,0.7480314960629921,0.39763779527559057,0.7086614173228346,0.7322834645669292,0.5275590551181102,0.3425196850393701,0.7165354330708661,0.8267716535433071,0.5,0.44881889763779526,0.4094488188976378,0.7401574803149606,0.9015748031496063,0.6220472440944882
0.610236220472441,0.5590551181102362,0.2874015748031496,0.7480314960629921,0.7480314960629921,0.39763779527559057,0.7086614173228346,0.7322834645669292,0.5275590551181102,0.3425196850393701,0.7165354330708661,0.8267716535433071,0.5,0.44881889763779526,0.4094488188976378,0.7401574803149606,0.9015748031496063,0.6220472440944882
0.42913385826771655,0.4409448818897638,0.3937007874015748,0.3228346456692913,0.39763779527559057,0.3110236220472441,0.28346456692913385,0.49606299212598426,0.28346456692913385,0.31496062992125984,0.3661417322834646,0.515748031496063,0.18110236220472442,0.41338582677165353,0.2874015748031496,0.41338582677165353,0.38188976377952755,0.5
0.38976377952755903,0.3228346456692913,0.3779527559055118,0.2204724409448819,0.7362204724409449,0.515748031496063,0.24015748031496062,0.7795275590551181,0.5236220472440944,0.5,0.29133858267716534,0.8543307086614174,0.515748031496063,0.5039370078740157,0.24803149606299213,0.7795275590551181,0.905511811023622,0.7086614173228346
0.5393700787401575,0.515748031496063,0.2952755905511811,0.38976377952755903,0.20078740157480315,0.3464566929133858,0.3425196850393701,0.30708661417322836,0.3188976377952756,0.44881889763779526,0.5236220472440944,0.8070866141732284,0.2795275590551181,0.25984251968503935,0.32677165354330706,0.6850393700787402,0.7047244094488189,0.562992125984252
0.5393700787401575,0.515748031496063,0.2952755905511811,0.39763779527559057,0.20866141732283464,0.33858267716535434,0.35039370078740156,0.30708661417322836,0.3188976377952756,0.4409448818897638,0.5236220472440944,0.8149606299212598,0.27165354330708663,0.2755905511811024,0.3346456692913386,0.6850393700787402,0.7047244094488189,0.562992125984252
0.6417322834645669,0.6181102362204725,0.2874015748031496,0.7637795275590551,0.7322834645669292,0.3858267716535433,0.7086614173228346,0.7716535433070866,0.49606299212598426,0.3543307086614173,0.7283464566929134,0.8228346456692913,0.468503937007874,0.452755905511811,0.41732283464566927,0.7244094488188977,0.9133858267716536,0.6417322834645669
0.36220472440944884,0.33070866141732286,0.38976377952755903,0.14173228346456693,0.7322834645669292,0.4763779527559055,0.19291338582677164,0.7834645669291339,0.5078740157480315,0.4763779527559055,0.22440944881889763,0.8622047244094488,0.5196850393700787,0.5039370078740157,0.24803149606299213,0.7716535433070866,0.905511811023622,0.7047244094488189
0.41338582677165353,0.2795275590551181,0.29133858267716534,0.42913385826771655,0.15748031496062992,0.3425196850393701,0.6614173228346457,0.38976377952755903,0.2677165354330709,0.23622047244094488,0.7362204724409449,0.4881889763779528,0.13385826771653545,0.47244094488188976,0.3661417322834646,0.41338582677165353,0.24015748031496062,0.6771653543307087
0.5433070866141733,0.5787401574803149,0.28346456692913385,0.6929133858267716,0.7322834645669292,0.4251968503937008,0.6417322834645669,0.7755905511811023,0.41732283464566927,0.3110236220472441,0.7283464566929134,0.8228346456692913,0.4409448818897638,0.2992125984251969,0.40551181102362205,0.7165354330708661,0.8779527559055118,0.6259842519685039
0.5511811023622047,0.5866141732283464,0.28346456692913385,0.7007874015748031,0.7322834645669292,0.41732283464566927,0.6417322834645669,0.7755905511811023,0.41732283464566927,0.3188976377952756,0.7283464566929134,0.8228346456692913,0.4409448818897638,0.2992125984251969,0.41338582677165353,0.7165354330708661,0.8779527559055118,0.6259842519685039
0.5354330708661418,0.5236220472440944,0.30708661417322836,0.43700787401574803,0.21653543307086615,0.33858267716535434,0.3858267716535433,0.3110236220472441,0.3110236220472441,0.43700787401574803,0.5078740157480315,0.8385826771653543,0.22440944881889763,0.31496062992125984,0.32677165354330706,0.7125984251968503,0.6456692913385826,0.5354330708661418
0.5275590551181102,0.531496062992126,0.31496062992125984,0.4448818897637795,0.22440944881889763,0.33858267716535434,0.3937007874015748,0.3110236220472441,0.3110236220472441,0.43700787401574803,0.515748031496063,0.8385826771653543,0.20866141732283464,0.3228346456692913,0.3346456692913386,0.7125984251968503,0.6456692913385826,0.5433070866141733
0.3661417322834646,0.32677165354330706,0.39763779527559057,0.2047244094488189,0.7401574803149606,0.4881889763779528,0.24803149606299213,0.7755905511811023,0.5118110236220472,0.484251968503937,0.2795275590551181,0.8543307086614174,0.5236220472440944,0.49606299212598426,0.23622047244094488,0.7598425196850394,0.9015748031496063,0.6811023622047244
0.3661417322834646,0.28346456692913385,0.2795275590551181,0.47244094488188976,0.16929133858267717,0.3346456692913386,0.6692913385826772,0.41732283464566927,0.24803149606299213,0.30708661417322836,0.7322834645669292,0.4881889763779528,0.1062992125984252,0.5039370078740157,0.36220472440944884,0.3937007874015748,0.2440944881889764,0.6535433070866141
0.37401574803149606,0.28346456692913385,0.2795275590551181,0.47244094488188976,0.16929133858267717,0.3346456692913386,0.6614173228346457,0.41732283464566927,0.24803149606299213,0.30708661417322836,0.7244094488188977,0.49606299212598426,0.1062992125984252,0.49606299212598426,0.36220472440944884,0.3937007874015748,0.2440944881889764,0.6377952755905512
0.5275590551181102,0.547244094488189,0.2952755905511811,0.4251968503937008,0.1968503937007874,0.3425196850393701,0.3700787401574803,0.3031496062992126,0.2992125984251969,0.4645669291338583,0.4763779527559055,0.84251968503937,0.28346456692913385,0.3346456692913386,0.33070866141732286,0.7086614173228346,0.6692913385826772,0.5
0.5196850393700787,0.6023622047244095,0.2637795275590551,0.7125984251968503,0.7283464566929134,0.41338582677165353,0.6692913385826772,0.7440944881889764,0.4921259842519685,0.35826771653543305,0.7165354330708661,0.8307086614173228,0.4881889763779528,0.39763779527559057,0.3937007874015748,0.7007874015748031,0.968503937007874,0.6299212598425197
0.37401574803149606,0.3228346456692913,0.40551181102362205,0.28346456692913385,0.7440944881889764,0.4763779527559055,0.2637795275590551,0.7913385826771654,0.4921259842519685,0.42913385826771655,0.3031496062992126,0.8661417322834646,0.5354330708661418,0.4448818897637795,0.2559055118110236,0.7440944881889764,0.937007874015748,0.610236220472441
0.531496062992126,0.5078740157480315,0.3110236220472441,0.39763779527559057,0.1968503937007874,0.3464566929133858,0.37401574803149606,0.29133858267716534,0.3188976377952756,0.4566929133858268,0.4763779527559055,0.84251968503937,0.3110236220472441,0.35039370078740156,0.32677165354330706,0.6968503937007874,0.7322834645669292,0.547244094488189
0.3661417322834646,0.33070866141732286,0.421259842519685,0.20866141732283464,0.7480314960629921,0.47244094488188976,0.24803149606299213,0.7716535433070866,0.5078740157480315,0.4645669291338583,0.30708661417322836,0.8543307086614174,0.5354330708661418,0.47244094488188976,0.24803149606299213,0.7637795275590551,0.9330708661417323,0.6614173228346457
0.39763779527559057,0.2952755905511811,0.2795275590551181,0.4448818897637795,0.16535433070866143,0.33858267716535434,0.6496062992125984,0.421259842519685,0.24803149606299213,0.28346456692913385,0.7204724409448819,0.47244094488188976,0.1220472440944882,0.5118110236220472,0.35039370078740156,0.38188976377952755,0.2755905511811024,0.6377952755905512
0.41338582677165353,0.41338582677165353,0.38976377952755903,0.3858267716535433,0.33858267716535434,0.2992125984251969,0.3661417322834646,0.4409448818897638,0.2637795275590551,0.3858267716535433,0.4015748031496063,0.4921259842519685,0.17716535433070865,0.4409448818897638,0.2874015748031496,0.40551181102362205,0.33858267716535434,0.5196850393700787
0.33858267716535434,0.2677165354330709,0.2637795275590551,0.4763779527559055,0.17716535433070865,0.3228346456692913,0.6732283464566929,0.38976377952755903,0.23228346456692914,0.2874015748031496,0.7204724409448819,0.4448818897637795,0.16929133858267717,0.5275590551181102,0.3425196850393701,0.30708661417322836,0.2637795275590551,0.6496062992125984
0.6771653543307087,0.6220472440944882,0.3188976377952756,0.8188976377952756,0.7322834645669292,0.4921259842519685,0.7480314960629921,0.7598425196850394,0.5393700787401575,0.421259842519685,0.7440944881889764,0.8188976377952756,0.5078740157480315,0.452755905511811,0.40551181102362205,0.7047244094488189,0.9803149606299213,0.594488188976378
0.36220472440944884,0.2952755905511811,0.2795275590551181,0.46062992125984253,0.16141732283464566,0.33858267716535434,0.6692913385826772,0.4015748031496063,0.23622047244094488,0.2559055118110236,0.7283464566929134,0.46062992125984253,0.17716535433070865,0.5039370078740157,0.3425196850393701,0.33858267716535434,0.2677165354330709,0.6456692913385826
0.37401574803149606,0.40551181102362205,0.40551181102362205,0.43700787401574803,0.31496062992125984,0.2992125984251969,0.41338582677165353,0.41732283464566927,0.25196850393700787,0.3700787401574803,0.43700787401574803,0.468503937007874,0.16929133858267717,0.4409448818897638,0.2874015748031496,0.3543307086614173,0.2992125984251969,0.49606299212598426
0.421259842519685,0.3425196850393701,0.4448818897637795,0.6496062992125984,0.5826771653543307,0.3425196850393701,0.7047244094488189,0.7086614173228346,0.15354330708661418,0.05511811023622047,0.7755905511811023,0.7677165354330708,0.16535433070866143,0.44881889763779526,0.37401574803149606,0.6614173228346457,0.31496062992125984,0.6181102362204725
0.4015748031496063,0.4251968503937008,0.4094488188976378,0.36220472440944884,0.3425196850393701,0.2952755905511811,0.3464566929133858,0.42913385826771655,0.24015748031496062,0.33070866141732286,0.38976377952755903,0.4881889763779528,0.16929133858267717,0.4330708661417323,0.2874015748031496,0.41732283464566927,0.33858267716535434,0.5118110236220472
0.5354330708661418,0.5354330708661418,0.3031496062992126,0.452755905511811,0.20078740157480315,0.3346456692913386,0.4094488188976378,0.3031496062992126,0.2874015748031496,0.4448818897637795,0.5590551181102362,0.8307086614173228,0.08267716535433071,0.2952755905511811,0.32677165354330706,0.6496062992125984,0.452755905511811,0.5433070866141733
0.5078740157480315,0.5511811023622047,0.27165354330708663,0.7165354330708661,0.7125984251968503,0.38976377952755903,0.6968503937007874,0.7047244094488189,0.5,0.36220472440944884,0.7362204724409449,0.8346456692913385,0.39763779527559057,0.43700787401574803,0.38976377952755903,0.6692913385826772,0.7952755905511811,0.6417322834645669
0.5078740157480315,0.5511811023622047,0.27165354330708663,0.7165354330708661,0.7125984251968503,0.38976377952755903,0.6968503937007874,0.7047244094488189,0.5,0.36220472440944884,0.7440944881889764,0.8346456692913385,0.39763779527559057,0.43700787401574803,0.38976377952755903,0.6692913385826772,0.7952755905511811,0.6417322834645669
0.4015748031496063,0.36220472440944884,0.3937007874015748,0.19291338582677164,0.7401574803149606,0.4645669291338583,0.2440944881889764,0.7834645669291339,0.484251968503937,0.4763779527559055,0.2755905511811024,0.8582677165354331,0.5078740157480315,0.5118110236220472,0.23622047244094488,0.7598425196850394,0.9330708661417323,0.65748031496063
0.37401574803149606,0.29133858267716534,0.28346456692913385,0.452755905511811,0.16141732283464566,0.32677165354330706,0.6653543307086615,0.4094488188976378,0.24015748031496062,0.2874015748031496,0.7322834645669292,0.4645669291338583,0.11811023622047244,0.5,0.3464566929133858,0.3779527559055118,0.2125984251968504,0.6299212598425197
0.37401574803149606,0.28346456692913385,0.2992125984251969,0.468503937007874,0.17716535433070865,0.3188976377952756,0.6417322834645669,0.4015748031496063,0.24803149606299213,0.3346456692913386,0.7007874015748031,0.44881889763779526,0.10236220472440945,0.5078740157480315,0.3543307086614173,0.3779527559055118,0.2677165354330709,0.5826771653543307
0.4645669291338583,0.32677165354330706,0.468503937007874,0.6771653543307087,0.6062992125984252,0.3425196850393701,0.6889763779527559,0.6889763779527559,0.20078740157480315,0.03937007874015748,0.7716535433070866,0.7716535433070866,0.1220472440944882,0.468503937007874,0.3858267716535433,0.6771653543307087,0.33070866141732286,0.6417322834645669
0.3543307086614173,0.3188976377952756,0.41338582677165353,0.14960629921259844,0.7283464566929134,0.484251968503937,0.24803149606299213,0.7755905511811023,0.5236220472440944,0.5708661417322834,0.2992125984251969,0.8267716535433071,0.5196850393700787,0.48031496062992124,0.24803149606299213,0.7244094488188977,0.8858267716535433,0.6377952755905512
0.5354330708661418,0.5039370078740157,0.3110236220472441,0.38976377952755903,0.20078740157480315,0.3425196850393701,0.3700787401574803,0.2992125984251969,0.31496062992125984,0.452755905511811,0.5196850393700787,0.84251968503937,0.25196850393700787,0.3228346456692913,0.3188976377952756,0.6771653543307087,0.5905511811023622,0.5354330708661418
0.42913385826771655,0.33858267716535434,0.4251968503937008,0.6535433070866141,0.5905511811023622,0.3346456692913386,0.7047244094488189,0.7125984251968503,0.17716535433070865,0.05511811023622047,0.7795275590551181,0.7755905511811023,0.1062992125984252,0.484251968503937,0.38188976377952755,0.6062992125984252,0.5275590551181102,0.6456692913385826
0.4015748031496063,0.421259842519685,0.421259842519685,0.35039370078740156,0.3346456692913386,0.2952755905511811,0.32677165354330706,0.41338582677165353,0.2440944881889764,0.32677165354330706,0.35826771653543305,0.4763779527559055,0.16141732283464566,0.452755905511811,0.28346456692913385,0.40551181102362205,0.3543307086614173,0.5118110236220472
0.5590551181102362,0.6181102362204725,0.25984251968503935,0.7677165354330708,0.7519685039370079,0.3110236220472441,0.7086614173228346,0.7795275590551181,0.32677165354330706,0.38188976377952755,0.7795275590551181,0.8346456692913385,0.41732283464566927,0.3425196850393701,0.3858267716535433,0.6732283464566929,0.8976377952755905,0.6377952755905512
0.44881889763779526,0.35039370078740156,0.468503937007874,0.6535433070866141,0.6062992125984252,0.3188976377952756,0.7086614173228346,0.7244094488188977,0.1732283464566929,0.047244094488188976,0.7598425196850394,0.7440944881889764,0.16141732283464566,0.48031496062992124,0.3779527559055118,0.6377952755905512,0.4330708661417323,0.6535433070866141
0.5511811023622047,0.5787401574803149,0.27165354330708663,0.7244094488188977,0.7401574803149606,0.36220472440944884,0.7007874015748031,0.7559055118110236,0.46062992125984253,0.38188976377952755,0.7322834645669292,0.8464566929133859,0.42913385826771655,0.42913385826771655,0.38188976377952755,0.7086614173228346,0.8149606299212598,0.6496062992125984
0.30708661417322836,0.2677165354330709,0.3346456692913386,0.5,0.16535433070866143,0.33070866141732286,0.6692913385826772,0.4015748031496063,0.24803149606299213,0.3188976377952756,0.7125984251968503,0.46062992125984253,0.11023622047244094,0.5393700787401575,0.35039370078740156,0.3858267716535433,0.25196850393700787,0.6259842519685039
0.39763779527559057,0.4015748031496063,0.421259842519685,0.421259842519685,0.28346456692913385,0.2992125984251969,0.3779527559055118,0.3858267716535433,0.24803149606299213,0.3543307086614173,0.40551181102362205,0.42913385826771655,0.13385826771653545,0.44881889763779526,0.28346456692913385,0.3543307086614173,0.2755905511811024,0.4921259842519685
0.40551181102362205,0.4094488188976378,0.42913385826771655,0.452755905511811,0.28346456692913385,0.2992125984251969,0.4015748031496063,0.3858267716535433,0.24803149606299213,0.3464566929133858,0.421259842519685,0.43700787401574803,0.14173228346456693,0.44881889763779526,0.29133858267716534,0.36220472440944884,0.29133858267716534,0.5078740157480315
0.5078740157480315,0.5905511811023622,0.2677165354330709,0.7007874015748031,0.7125984251968503,0.4330708661417323,0.6614173228346457,0.7125984251968503,0.4094488188976378,0.4094488188976378,0.7440944881889764,0.8464566929133859,0.37401574803149606,0.3779527559055118,0.3779527559055118,0.6889763779527559,0.8503937007874016,0.6062992125984252
0.4330708661417323,0.35039370078740156,0.46062992125984253,0.6614173228346457,0.5826771653543307,0.3346456692913386,0.7165354330708661,0.7125984251968503,0.17716535433070865,0.07480314960629922,0.7716535433070866,0.6850393700787402,0.20078740157480315,0.5,0.3779527559055118,0.6023622047244095,0.41338582677165353,0.6456692913385826
0.5511811023622047,0.5118110236220472,0.3228346456692913,0.4409448818897638,0.21653543307086615,0.3425196850393701,0.3661417322834646,0.30708661417322836,0.28346456692913385,0.4409448818897638,0.48031496062992124,0.8149606299212598,0.13385826771653545,0.35039370078740156,0.3228346456692913,0.6929133858267716,0.46062992125984253,0.484251968503937
0.3228346456692913,0.5826771653543307,0.2992125984251969,0.6377952755905512,0.7007874015748031,0.38188976377952755,0.610236220472441,0.7204724409448819,0.38188976377952755,0.4094488188976378,0.7204724409448819,0.8346456692913385,0.32677165354330706,0.37401574803149606,0.3700787401574803,0.7047244094488189,0.6811023622047244,0.594488188976378
0.3858267716535433,0.3700787401574803,0.4763779527559055,0.6496062992125984,0.5826771653543307,0.3346456692913386,0.6968503937007874,0.7086614173228346,0.1889763779527559,0.06692913385826772,0.7637795275590551,0.7047244094488189,0.18110236220472442,0.47244094488188976,0.3700787401574803,0.610236220472441,0.42913385826771655,0.6338582677165354
0.41732283464566927,0.3700787401574803,0.468503937007874,0.6496062992125984,0.5905511811023622,0.32677165354330706,0.6968503937007874,0.7086614173228346,0.18110236220472442,0.09055118110236221,0.7637795275590551,0.7125984251968503,0.18110236220472442,0.48031496062992124,0.3700787401574803,0.6181102362204725,0.42913385826771655,0.6259842519685039
0.2952755905511811,0.2637795275590551,0.30708661417322836,0.46062992125984253,0.16929133858267717,0.3425196850393701,0.6771653543307087,0.38188976377952755,0.21653543307086615,0.2559055118110236,0.7244094488188977,0.41732283464566927,0.11811023622047244,0.5433070866141733,0.33858267716535434,0.3543307086614173,0.2440944881889764,0.6456692913385826
0.2952755905511811,0.2637795275590551,0.30708661417322836,0.468503937007874,0.16929133858267717,0.3346456692913386,0.6692913385826772,0.38976377952755903,0.21653543307086615,0.2637795275590551,0.7165354330708661,0.4251968503937008,0.12598425196850394,0.5354330708661418,0.3464566929133858,0.3543307086614173,0.2440944881889764,0.6377952755905512
0.5,0.5748031496062992,0.3031496062992126,0.7401574803149606,0.7401574803149606,0.32677165354330706,0.7244094488188977,0.7007874015748031,0.48031496062992124,0.46062992125984253,0.7519685039370079,0.8070866141732284,0.35826771653543305,0.48031496062992124,0.3779527559055118,0.6929133858267716,0.6850393700787402,0.6535433070866141
0.3858267716535433,0.42913385826771655,0.4409448818897638,0.37401574803149606,0.3110236220472441,0.29133858267716534,0.3464566929133858,0.40551181102362205,0.25196850393700787,0.35039370078740156,0.41732283464566927,0.421259842519685,0.12992125984251968,0.4094488188976378,0.28346456692913385,0.35826771653543305,0.30708661417322836,0.4881889763779528
