0.42126,0.511811,0.271654,0.405512,0.192913,0.322835,0.452756,0.598425,0.401575,0.283465,0.46063,0.708661,0.370079,0.472441,0.322835,0.586614,0.366142,0.523622
0.366142,0.468504,0.409449,0.755906,0.728346,0.165354,0.69685,0.685039,0.519685,0.464567,0.65748,0.818898,0.464567,0.547244,0.511811,0.76378,0.590551,0.653543
0.425197,0.468504,0.401575,0.720472,0.712598,0.295276,0.704724,0.681102,0.555118,0.484252,0.65748,0.814961,0.492126,0.551181,0.515748,0.755906,0.712598,0.645669
0.251969,0.259843,0.295276,0.444882,0.405512,0.295276,0.377953,0.507874,0.287402,0.307087,0.409449,0.543307,0.208661,0.433071,0.299213,0.440945,0.322835,0.464567
0.440945,0.515748,0.251969,0.452756,0.204724,0.338583,0.5,0.57874,0.401575,0.30315,0.480315,0.669291,0.322835,0.480315,0.330709,0.582677,0.417323,0.555118
0.295276,0.370079,0.417323,0.767717,0.716535,0.26378,0.724409,0.669291,0.570866,0.492126,0.665354,0.811024,0.492126,0.547244,0.503937,0.755906,0.649606,0.653543
0.728346,0.511811,0.334646,0.46063,0.267717,0.307087,0.413386,0.417323,0.244094,0.377953,0.448819,0.374016,0.173228,0.440945,0.307087,0.23622,0.322835,0.515748
0.334646,0.433071,0.519685,0.732283,0.716535,0.350394,0.720472,0.65748,0.590551,0.452756,0.669291,0.814961,0.425197,0.531496,0.492126,0.751969,0.661417,0.653543
0.688976,0.5,0.322835,0.476378,0.248031,0.322835,0.429134,0.417323,0.244094,0.397638,0.452756,0.377953,0.181102,0.448819,0.307087,0.259843,0.354331,0.5
0.34252,0.393701,0.480315,0.744094,0.677165,0.314961,0.700787,0.681102,0.519685,0.484252,0.637795,0.807087,0.46063,0.562992,0.496063,0.775591,0.641732,0.661417
0.389764,0.401575,0.267717,0.507874,0.429134,0.295276,0.393701,0.53937,0.307087,0.354331,0.393701,0.61811,0.26378,0.468504,0.295276,0.484252,0.393701,0.53937
0.448819,0.476378,0.476378,0.755906,0.704724,0.228346,0.716535,0.669291,0.566929,0.496063,0.669291,0.807087,0.472441,0.562992,0.523622,0.755906,0.779528,0.692913
0.724409,0.476378,0.354331,0.42126,0.224409,0.330709,0.362205,0.393701,0.251969,0.405512,0.417323,0.299213,0.185039,0.425197,0.299213,0.204724,0.405512,0.555118
0.527559,0.413386,0.291339,0.448819,0.389764,0.291339,0.318898,0.507874,0.275591,0.38189,0.358268,0.519685,0.192913,0.456693,0.314961,0.338583,0.311024,0.515748
0.559055,0.444882,0.307087,0.53937,0.425197,0.307087,0.397638,0.551181,0.314961,0.38189,0.401575,0.562992,0.216535,0.472441,0.314961,0.409449,0.311024,0.503937
0.464567,0.464567,0.535433,0.744094,0.661417,0.275591,0.708661,0.673228,0.527559,0.496063,0.653543,0.799213,0.484252,0.555118,0.515748,0.755906,0.728346,0.665354
0.594488,0.496063,0.23622,0.456693,0.181102,0.334646,0.574803,0.712598,0.417323,0.314961,0.653543,0.814961,0.46063,0.291339,0.452756,0.76378,0.720472,0.641732
0.405512,0.488189,0.527559,0.720472,0.712598,0.251969,0.720472,0.673228,0.57874,0.472441,0.708661,0.767717,0.527559,0.437008,0.53937,0.740157,0.885827,0.665354
0.484252,0.496063,0.228346,0.464567,0.173228,0.334646,0.594488,0.704724,0.397638,0.283465,0.692913,0.799213,0.511811,0.208661,0.476378,0.755906,0.846457,0.641732
0.468504,0.503937,0.200787,0.519685,0.188976,0.338583,0.641732,0.720472,0.566929,0.311024,0.677165,0.787402,0.543307,0.326772,0.468504,0.76378,0.838583,0.61811
0.720472,0.496063,0.322835,0.417323,0.19685,0.322835,0.34252,0.425197,0.255906,0.354331,0.38189,0.326772,0.204724,0.397638,0.299213,0.208661,0.429134,0.515748
0.374016,0.472441,0.275591,0.511811,0.188976,0.330709,0.65748,0.669291,0.53937,0.279528,0.673228,0.818898,0.393701,0.429134,0.488189,0.779528,0.69685,0.681102
0.73622,0.488189,0.34252,0.397638,0.188976,0.322835,0.314961,0.417323,0.26378,0.397638,0.366142,0.30315,0.200787,0.401575,0.291339,0.181102,0.472441,0.547244
0.732283,0.507874,0.354331,0.437008,0.204724,0.314961,0.370079,0.393701,0.248031,0.385827,0.409449,0.366142,0.161417,0.433071,0.299213,0.251969,0.358268,0.5
0.503937,0.366142,0.251969,0.393701,0.42126,0.307087,0.291339,0.535433,0.318898,0.429134,0.326772,0.559055,0.216535,0.464567,0.314961,0.42126,0.346457,0.515748
0.480315,0.511811,0.188976,0.488189,0.185039,0.338583,0.610236,0.692913,0.42126,0.30315,0.65748,0.822835,0.476378,0.377953,0.440945,0.799213,0.574803,0.685039
0.73622,0.511811,0.334646,0.429134,0.19685,0.322835,0.346457,0.425197,0.248031,0.370079,0.38189,0.314961,0.19685,0.413386,0.30315,0.200787,0.429134,0.53937
0.535433,0.5,0.208661,0.519685,0.181102,0.334646,0.645669,0.728346,0.503937,0.314961,0.69685,0.775591,0.5,0.326772,0.484252,0.779528,0.779528,0.673228
0.732283,0.492126,0.326772,0.409449,0.188976,0.318898,0.338583,0.429134,0.259843,0.362205,0.374016,0.322835,0.200787,0.409449,0.30315,0.208661,0.440945,0.543307
0.338583,0.370079,0.480315,0.767717,0.700787,0.177165,0.724409,0.673228,0.57874,0.503937,0.688976,0.807087,0.476378,0.531496,0.562992,0.767717,0.870079,0.692913
0.728346,0.484252,0.358268,0.468504,0.228346,0.307087,0.38189,0.413386,0.259843,0.413386,0.429134,0.350394,0.185039,0.425197,0.307087,0.23622,0.405512,0.535433
0.480315,0.370079,0.279528,0.468504,0.480315,0.314961,0.338583,0.598425,0.377953,0.346457,0.358268,0.645669,0.275591,0.46063,0.322835,0.496063,0.346457,0.511811
0.511811,0.409449,0.295276,0.519685,0.464567,0.314961,0.397638,0.590551,0.374016,0.350394,0.417323,0.633858,0.283465,0.456693,0.322835,0.496063,0.354331,0.531496
0.728346,0.405512,0.326772,0.633858,0.80315,0.46063,0.338583,0.444882,0.791339,0.637795,0.645669,0.354331,0.267717,0.433071,-0.00393701,0.322835,0.0787402,0.535433
0.417323,0.492126,0.279528,0.476378,0.216535,0.314961,0.582677,0.712598,0.480315,0.30315,0.598425,0.814961,0.484252,0.401575,0.397638,0.779528,0.606299,0.637795
0.413386,0.492126,0.472441,0.751969,0.720472,0.200787,0.732283,0.673228,0.602362,0.484252,0.704724,0.775591,0.531496,0.476378,0.53937,0.740157,0.984252,0.653543
0.716535,0.5,0.358268,0.417323,0.240157,0.314961,0.350394,0.425197,0.251969,0.401575,0.401575,0.362205,0.173228,0.417323,0.299213,0.232283,0.409449,0.53937
0.728346,0.523622,0.350394,0.440945,0.224409,0.314961,0.385827,0.401575,0.244094,0.389764,0.425197,0.362205,0.165354,0.444882,0.307087,0.240157,0.370079,0.527559
0.716535,0.488189,0.350394,0.484252,0.224409,0.307087,0.401575,0.393701,0.244094,0.413386,0.437008,0.354331,0.165354,0.452756,0.307087,0.240157,0.370079,0.527559
0.437008,0.456693,0.488189,0.744094,0.688976,0.208661,0.720472,0.669291,0.602362,0.5,0.692913,0.791339,0.476378,0.519685,0.566929,0.767717,0.933071,0.673228
0.712598,0.476378,0.385827,0.448819,0.23622,0.311024,0.366142,0.425197,0.248031,0.417323,0.409449,0.377953,0.169291,0.429134,0.307087,0.23622,0.405512,0.511811
0.393701,0.468504,0.476378,0.716535,0.700787,0.255906,0.700787,0.669291,0.562992,0.503937,0.669291,0.799213,0.480315,0.535433,0.543307,0.76378,0.818898,0.685039
0.511811,0.511811,0.232283,0.53937,0.192913,0.334646,0.653543,0.692913,0.555118,0.287402,0.692913,0.799213,0.472441,0.354331,0.5,0.76378,0.799213,0.677165
0.417323,0.484252,0.267717,0.511811,0.200787,0.334646,0.637795,0.724409,0.492126,0.283465,0.681102,0.799213,0.511811,0.38189,0.476378,0.755906,0.732283,0.681102
0.377953,0.480315,0.389764,0.751969,0.740157,0.437008,0.704724,0.692913,0.594488,0.472441,0.681102,0.791339,0.5,0.511811,0.535433,0.767717,0.933071,0.645669
0.464567,0.5,0.244094,0.484252,0.161417,0.354331,0.602362,0.724409,0.492126,0.299213,0.673228,0.799213,0.507874,0.26378,0.488189,0.775591,0.862205,0.629921
0.480315,0.413386,0.275591,0.543307,0.464567,0.322835,0.440945,0.559055,0.334646,0.425197,0.448819,0.590551,0.279528,0.468504,0.326772,0.5,0.464567,0.551181
0.429134,0.492126,0.259843,0.496063,0.185039,0.338583,0.602362,0.673228,0.429134,0.307087,0.598425,0.830709,0.429134,0.5,0.385827,0.811024,0.547244,0.673228
0.437008,0.480315,0.275591,0.496063,0.208661,0.330709,0.614173,0.700787,0.5,0.283465,0.625984,0.822835,0.46063,0.456693,0.417323,0.771654,0.582677,0.665354
0.708661,0.503937,0.358268,0.5,0.185039,0.330709,0.393701,0.413386,0.283465,0.472441,0.437008,0.330709,0.188976,0.437008,0.314961,0.208661,0.429134,0.594488
0.511811,0.401575,0.291339,0.523622,0.437008,0.307087,0.401575,0.562992,0.318898,0.385827,0.401575,0.598425,0.232283,0.468504,0.330709,0.464567,0.358268,0.53937
0.720472,0.480315,0.338583,0.417323,0.192913,0.338583,0.362205,0.401575,0.26378,0.38189,0.42126,0.322835,0.185039,0.405512,0.307087,0.200787,0.417323,0.531496
0.712598,0.472441,0.362205,0.531496,0.216535,0.330709,0.425197,0.393701,0.255906,0.448819,0.464567,0.366142,0.169291,0.440945,0.307087,0.23622,0.370079,0.531496
0.716535,0.472441,0.350394,0.547244,0.208661,0.330709,0.452756,0.393701,0.26378,0.452756,0.484252,0.377953,0.161417,0.46063,0.314961,0.255906,0.370079,0.531496
0.716535,0.46063,0.338583,0.555118,0.216535,0.322835,0.472441,0.385827,0.26378,0.452756,0.488189,0.370079,0.161417,0.472441,0.314961,0.255906,0.354331,0.547244
0.409449,0.496063,0.275591,0.527559,0.208661,0.330709,0.641732,0.677165,0.551181,0.291339,0.641732,0.830709,0.425197,0.476378,0.452756,0.795276,0.574803,0.681102
0.405512,0.484252,0.444882,0.751969,0.732283,0.283465,0.732283,0.661417,0.590551,0.476378,0.692913,0.783465,0.511811,0.5,0.535433,0.755906,0.834646,0.669291
0.429134,0.480315,0.417323,0.724409,0.704724,0.299213,0.677165,0.692913,0.531496,0.488189,0.637795,0.807087,0.5,0.531496,0.519685,0.76378,0.744094,0.669291
0.488189,0.503937,0.23622,0.5,0.188976,0.330709,0.606299,0.732283,0.476378,0.326772,0.661417,0.807087,0.5,0.307087,0.472441,0.771654,0.751969,0.661417
0.425197,0.488189,0.354331,0.708661,0.740157,0.153543,0.712598,0.681102,0.559055,0.484252,0.700787,0.775591,0.492126,0.433071,0.531496,0.748031,0.807087,0.669291
0.716535,0.503937,0.366142,0.476378,0.283465,0.307087,0.389764,0.464567,0.255906,0.42126,0.429134,0.42126,0.169291,0.429134,0.311024,0.299213,0.393701,0.535433
0.405512,0.515748,0.283465,0.492126,0.216535,0.330709,0.610236,0.692913,0.476378,0.283465,0.590551,0.84252,0.417323,0.527559,0.389764,0.811024,0.547244,0.665354
0.38189,0.480315,0.389764,0.704724,0.732283,0.271654,0.708661,0.669291,0.582677,0.480315,0.641732,0.811024,0.448819,0.547244,0.464567,0.787402,0.622047,0.677165
0.484252,0.503937,0.255906,0.53937,0.208661,0.346457,0.637795,0.692913,0.555118,0.287402,0.614173,0.826772,0.440945,0.511811,0.425197,0.795276,0.590551,0.669291
0.401575,0.476378,0.38189,0.692913,0.728346,0.244094,0.700787,0.685039,0.562992,0.456693,0.65748,0.811024,0.448819,0.519685,0.484252,0.779528,0.641732,0.669291
0.53937,0.437008,0.295276,0.53937,0.484252,0.311024,0.42126,0.574803,0.354331,0.425197,0.437008,0.606299,0.267717,0.472441,0.326772,0.492126,0.468504,0.566929
0.515748,0.523622,0.248031,0.755906,0.73622,0.181102,0.685039,0.700787,0.594488,0.488189,0.669291,0.80315,0.5,0.511811,0.507874,0.767717,0.771654,0.669291
0.559055,0.515748,0.248031,0.555118,0.200787,0.34252,0.625984,0.740157,0.496063,0.370079,0.661417,0.811024,0.492126,0.397638,0.476378,0.775591,0.732283,0.653543
0.73622,0.531496,0.338583,0.519685,0.177165,0.34252,0.413386,0.409449,0.283465,0.468504,0.452756,0.318898,0.188976,0.437008,0.322835,0.19685,0.437008,0.582677
0.440945,0.472441,0.385827,0.732283,0.708661,0.271654,0.688976,0.673228,0.562992,0.511811,0.661417,0.783465,0.440945,0.551181,0.519685,0.775591,0.673228,0.688976
0.437008,0.452756,0.397638,0.712598,0.708661,0.330709,0.661417,0.692913,0.507874,0.484252,0.61811,0.811024,0.448819,0.551181,0.492126,0.779528,0.622047,0.677165
0.566929,0.429134,0.30315,0.559055,0.472441,0.30315,0.444882,0.562992,0.34252,0.452756,0.440945,0.598425,0.271654,0.484252,0.322835,0.484252,0.488189,0.582677
0.57874,0.456693,0.318898,0.503937,0.468504,0.295276,0.413386,0.551181,0.326772,0.437008,0.425197,0.574803,0.244094,0.472441,0.330709,0.46063,0.437008,0.582677
0.732283,0.492126,0.34252,0.480315,0.204724,0.326772,0.389764,0.401575,0.259843,0.452756,0.448819,0.34252,0.185039,0.417323,0.307087,0.208661,0.444882,0.551181
0.606299,0.42126,0.318898,0.503937,0.444882,0.295276,0.389764,0.543307,0.307087,0.401575,0.397638,0.566929,0.216535,0.456693,0.322835,0.433071,0.354331,0.527559
0.629921,0.456693,0.326772,0.523622,0.444882,0.295276,0.413386,0.555118,0.326772,0.413386,0.417323,0.594488,0.255906,0.464567,0.322835,0.476378,0.397638,0.543307
0.5,0.468504,0.433071,0.755906,0.712598,0.200787,0.704724,0.669291,0.570866,0.507874,0.673228,0.799213,0.484252,0.543307,0.535433,0.76378,0.84252,0.681102
0.547244,0.468504,0.267717,0.452756,0.181102,0.330709,0.566929,0.700787,0.42126,0.311024,0.65748,0.814961,0.468504,0.267717,0.46063,0.771654,0.755906,0.65748
0.429134,0.484252,0.295276,0.468504,0.212598,0.314961,0.582677,0.708661,0.468504,0.283465,0.61811,0.830709,0.464567,0.417323,0.417323,0.779528,0.574803,0.681102
0.401575,0.488189,0.405512,0.751969,0.73622,0.23622,0.712598,0.677165,0.598425,0.492126,0.688976,0.787402,0.503937,0.503937,0.531496,0.759843,0.874016,0.677165
0.492126,0.417323,0.291339,0.456693,0.456693,0.287402,0.366142,0.574803,0.334646,0.362205,0.374016,0.610236,0.259843,0.456693,0.326772,0.472441,0.409449,0.531496
0.440945,0.492126,0.444882,0.755906,0.720472,0.212598,0.708661,0.673228,0.602362,0.511811,0.681102,0.787402,0.515748,0.53937,0.531496,0.755906,0.826772,0.692913
0.46063,0.484252,0.488189,0.728346,0.720472,0.307087,0.685039,0.688976,0.551181,0.5,0.633858,0.799213,0.511811,0.543307,0.492126,0.775591,0.669291,0.677165
0.433071,0.484252,0.314961,0.46063,0.19685,0.330709,0.586614,0.704724,0.46063,0.326772,0.641732,0.814961,0.480315,0.366142,0.468504,0.775591,0.653543,0.669291
0.716535,0.492126,0.362205,0.476378,0.188976,0.314961,0.38189,0.425197,0.279528,0.484252,0.417323,0.354331,0.188976,0.444882,0.307087,0.220472,0.448819,0.582677
0.440945,0.472441,0.468504,0.716535,0.685039,0.224409,0.685039,0.669291,0.543307,0.519685,0.653543,0.799213,0.452756,0.555118,0.531496,0.779528,0.688976,0.700787
0.42126,0.472441,0.476378,0.673228,0.724409,0.34252,0.637795,0.688976,0.547244,0.496063,0.594488,0.811024,0.496063,0.543307,0.5,0.795276,0.586614,0.681102
0.720472,0.488189,0.366142,0.488189,0.23622,0.299213,0.409449,0.42126,0.267717,0.464567,0.444882,0.374016,0.185039,0.46063,0.318898,0.267717,0.409449,0.551181
0.586614,0.413386,0.307087,0.5,0.468504,0.291339,0.374016,0.57874,0.350394,0.385827,0.377953,0.625984,0.271654,0.480315,0.326772,0.492126,0.366142,0.53937
0.740157,0.496063,0.346457,0.468504,0.224409,0.314961,0.389764,0.425197,0.259843,0.448819,0.433071,0.362205,0.185039,0.440945,0.311024,0.212598,0.405512,0.547244
0.413386,0.476378,0.255906,0.5,0.208661,0.322835,0.633858,0.685039,0.543307,0.259843,0.665354,0.811024,0.476378,0.389764,0.488189,0.771654,0.69685,0.685039
0.433071,0.484252,0.472441,0.744094,0.728346,0.208661,0.716535,0.677165,0.586614,0.476378,0.669291,0.779528,0.507874,0.519685,0.523622,0.76378,0.76378,0.681102
0.720472,0.484252,0.377953,0.46063,0.232283,0.322835,0.401575,0.417323,0.267717,0.448819,0.437008,0.362205,0.181102,0.452756,0.322835,0.232283,0.433071,0.555118
0.610236,0.429134,0.318898,0.527559,0.480315,0.307087,0.409449,0.590551,0.366142,0.38189,0.409449,0.637795,0.271654,0.472441,0.330709,0.527559,0.389764,0.531496
0.448819,0.492126,0.535433,0.744094,0.73622,0.169291,0.708661,0.661417,0.633858,0.511811,0.681102,0.791339,0.476378,0.53937,0.574803,0.751969,0.996063,0.677165
0.468504,0.468504,0.472441,0.73622,0.716535,0.255906,0.688976,0.685039,0.543307,0.476378,0.645669,0.799213,0.468504,0.547244,0.53937,0.76378,0.728346,0.681102
0.472441,0.468504,0.291339,0.425197,0.204724,0.330709,0.535433,0.692913,0.46063,0.318898,0.645669,0.807087,0.476378,0.212598,0.507874,0.76378,0.740157,0.65748
0.728346,0.5,0.362205,0.464567,0.19685,0.314961,0.370079,0.429134,0.279528,0.448819,0.401575,0.374016,0.185039,0.444882,0.318898,0.251969,0.429134,0.551181
0.708661,0.480315,0.354331,0.515748,0.228346,0.307087,0.437008,0.413386,0.279528,0.448819,0.46063,0.405512,0.169291,0.46063,0.318898,0.283465,0.370079,0.543307
0.433071,0.472441,0.503937,0.704724,0.688976,0.240157,0.688976,0.665354,0.555118,0.503937,0.661417,0.795276,0.476378,0.535433,0.547244,0.775591,0.744094,0.685039
0.444882,0.511811,0.271654,0.488189,0.208661,0.314961,0.622047,0.69685,0.484252,0.291339,0.685039,0.791339,0.448819,0.291339,0.5,0.767717,0.720472,0.688976
0.535433,0.448819,0.295276,0.559055,0.46063,0.291339,0.437008,0.574803,0.330709,0.405512,0.433071,0.594488,0.26378,0.464567,0.326772,0.472441,0.437008,0.570866
0.728346,0.488189,0.338583,0.484252,0.208661,0.314961,0.413386,0.437008,0.255906,0.444882,0.448819,0.370079,0.169291,0.440945,0.318898,0.240157,0.425197,0.547244
0.452756,0.484252,0.472441,0.700787,0.688976,0.23622,0.681102,0.665354,0.53937,0.515748,0.645669,0.795276,0.437008,0.562992,0.503937,0.775591,0.637795,0.700787
0.468504,0.472441,0.480315,0.69685,0.720472,0.311024,0.661417,0.681102,0.519685,0.496063,0.614173,0.807087,0.480315,0.555118,0.496063,0.779528,0.629921,0.681102
0.433071,0.456693,0.484252,0.704724,0.716535,0.334646,0.661417,0.685039,0.535433,0.484252,0.61811,0.80315,0.488189,0.547244,0.503937,0.771654,0.625984,0.677165
0.720472,0.488189,0.377953,0.496063,0.232283,0.30315,0.42126,0.437008,0.259843,0.46063,0.440945,0.397638,0.173228,0.464567,0.322835,0.255906,0.429134,0.551181
0.566929,0.429134,0.314961,0.531496,0.492126,0.295276,0.42126,0.590551,0.366142,0.389764,0.409449,0.633858,0.283465,0.480315,0.322835,0.53937,0.417323,0.562992
0.503937,0.468504,0.503937,0.755906,0.716535,0.15748,0.69685,0.669291,0.57874,0.496063,0.669291,0.787402,0.448819,0.555118,0.555118,0.751969,0.811024,0.69685
0.53937,0.468504,0.283465,0.46063,0.188976,0.326772,0.582677,0.685039,0.46063,0.299213,0.65748,0.811024,0.448819,0.295276,0.480315,0.759843,0.692913,0.681102
0.728346,0.492126,0.370079,0.484252,0.19685,0.30315,0.385827,0.42126,0.287402,0.452756,0.417323,0.362205,0.181102,0.452756,0.318898,0.240157,0.429134,0.562992
0.433071,0.484252,0.283465,0.464567,0.188976,0.318898,0.590551,0.677165,0.440945,0.240157,0.625984,0.826772,0.437008,0.42126,0.480315,0.791339,0.562992,0.688976
0.5,0.433071,0.299213,0.535433,0.464567,0.295276,0.42126,0.570866,0.330709,0.389764,0.405512,0.606299,0.248031,0.480315,0.334646,0.480315,0.401575,0.566929
0.484252,0.456693,0.251969,0.511811,0.232283,0.30315,0.629921,0.65748,0.519685,0.299213,0.629921,0.818898,0.480315,0.480315,0.448819,0.807087,0.527559,0.708661
0.531496,0.440945,0.291339,0.547244,0.437008,0.287402,0.425197,0.555118,0.334646,0.385827,0.437008,0.562992,0.212598,0.46063,0.326772,0.464567,0.374016,0.57874
0.488189,0.464567,0.23622,0.527559,0.220472,0.311024,0.645669,0.673228,0.551181,0.30315,0.677165,0.80315,0.5,0.377953,0.496063,0.767717,0.751969,0.692913
0.405512,0.468504,0.30315,0.5,0.275591,0.295276,0.649606,0.69685,0.559055,0.267717,0.633858,0.811024,0.488189,0.480315,0.464567,0.787402,0.594488,0.685039
0.700787,0.488189,0.362205,0.452756,0.188976,0.311024,0.38189,0.417323,0.271654,0.492126,0.417323,0.358268,0.185039,0.448819,0.314961,0.228346,0.452756,0.562992
0.69685,0.488189,0.370079,0.464567,0.204724,0.311024,0.417323,0.385827,0.271654,0.480315,0.448819,0.34252,0.177165,0.472441,0.314961,0.224409,0.397638,0.586614
0.385827,0.484252,0.307087,0.480315,0.212598,0.311024,0.622047,0.669291,0.511811,0.23622,0.637795,0.822835,0.437008,0.429134,0.472441,0.791339,0.590551,0.677165
0.708661,0.5,0.374016,0.413386,0.19685,0.311024,0.358268,0.42126,0.271654,0.452756,0.377953,0.366142,0.188976,0.444882,0.311024,0.232283,0.456693,0.559055
0.492126,0.433071,0.30315,0.570866,0.401575,0.287402,0.472441,0.515748,0.30315,0.417323,0.468504,0.523622,0.204724,0.464567,0.34252,0.448819,0.42126,0.594488
0.484252,0.464567,0.26378,0.488189,0.192913,0.311024,0.606299,0.669291,0.480315,0.26378,0.610236,0.822835,0.46063,0.452756,0.417323,0.80315,0.484252,0.688976
0.503937,0.425197,0.295276,0.555118,0.46063,0.287402,0.42126,0.586614,0.34252,0.362205,0.409449,0.622047,0.259843,0.476378,0.330709,0.511811,0.401575,0.547244
0.724409,0.472441,0.338583,0.448819,0.200787,0.311024,0.389764,0.413386,0.26378,0.444882,0.433071,0.338583,0.181102,0.429134,0.314961,0.216535,0.433071,0.53937
0.692913,0.480315,0.354331,0.507874,0.232283,0.30315,0.429134,0.405512,0.271654,0.448819,0.452756,0.385827,0.165354,0.468504,0.307087,0.244094,0.354331,0.566929
0.531496,0.433071,0.314961,0.511811,0.440945,0.287402,0.401575,0.574803,0.34252,0.38189,0.397638,0.594488,0.23622,0.468504,0.322835,0.507874,0.38189,0.543307
0.562992,0.464567,0.307087,0.515748,0.444882,0.287402,0.437008,0.559055,0.326772,0.42126,0.437008,0.590551,0.248031,0.468504,0.330709,0.503937,0.409449,0.555118
0.389764,0.472441,0.291339,0.472441,0.204724,0.318898,0.590551,0.677165,0.515748,0.283465,0.594488,0.822835,0.484252,0.46063,0.409449,0.807087,0.496063,0.681102
0.370079,0.464567,0.338583,0.480315,0.228346,0.311024,0.598425,0.700787,0.527559,0.291339,0.57874,0.826772,0.484252,0.5,0.385827,0.787402,0.503937,0.661417
0.468504,0.472441,0.425197,0.744094,0.720472,0.188976,0.692913,0.677165,0.543307,0.496063,0.681102,0.779528,0.472441,0.5,0.562992,0.732283,0.952756,0.65748
0.53937,0.425197,0.311024,0.5,0.480315,0.283465,0.409449,0.57874,0.330709,0.405512,0.409449,0.625984,0.26378,0.468504,0.338583,0.5,0.413386,0.535433
0.724409,0.480315,0.338583,0.448819,0.204724,0.314961,0.385827,0.405512,0.275591,0.437008,0.425197,0.338583,0.188976,0.429134,0.314961,0.216535,0.429134,0.531496
0.42126,0.472441,0.299213,0.468504,0.212598,0.314961,0.602362,0.677165,0.488189,0.251969,0.606299,0.818898,0.444882,0.456693,0.444882,0.791339,0.547244,0.673228
0.385827,0.456693,0.338583,0.472441,0.228346,0.307087,0.57874,0.69685,0.519685,0.275591,0.555118,0.830709,0.46063,0.5,0.385827,0.783465,0.555118,0.637795
0.448819,0.480315,0.413386,0.740157,0.724409,0.185039,0.685039,0.685039,0.543307,0.472441,0.653543,0.787402,0.464567,0.543307,0.531496,0.76378,0.771654,0.677165
0.531496,0.440945,0.311024,0.535433,0.448819,0.271654,0.440945,0.570866,0.322835,0.397638,0.425197,0.614173,0.251969,0.472441,0.354331,0.496063,0.409449,0.535433
0.728346,0.492126,0.350394,0.444882,0.192913,0.311024,0.377953,0.417323,0.271654,0.429134,0.425197,0.338583,0.185039,0.437008,0.314961,0.224409,0.433071,0.551181
0.602362,0.444882,0.318898,0.53937,0.433071,0.279528,0.425197,0.551181,0.326772,0.385827,0.425197,0.602362,0.232283,0.468504,0.338583,0.496063,0.374016,0.527559
0.724409,0.484252,0.334646,0.417323,0.200787,0.318898,0.358268,0.405512,0.259843,0.401575,0.417323,0.338583,0.188976,0.405512,0.314961,0.208661,0.42126,0.519685
0.393701,0.468504,0.299213,0.488189,0.216535,0.30315,0.614173,0.681102,0.496063,0.26378,0.625984,0.826772,0.444882,0.456693,0.472441,0.779528,0.570866,0.673228
0.712598,0.472441,0.38189,0.488189,0.200787,0.30315,0.405512,0.437008,0.255906,0.468504,0.425197,0.366142,0.173228,0.456693,0.314961,0.23622,0.429134,0.562992
0.480315,0.405512,0.299213,0.547244,0.417323,0.271654,0.413386,0.551181,0.311024,0.370079,0.425197,0.551181,0.212598,0.468504,0.338583,0.433071,0.377953,0.531496
0.728346,0.5,0.358268,0.401575,0.204724,0.311024,0.346457,0.42126,0.26378,0.417323,0.397638,0.374016,0.177165,0.437008,0.314961,0.232283,0.417323,0.543307
0.437008,0.452756,0.287402,0.511811,0.204724,0.311024,0.645669,0.669291,0.5,0.26378,0.641732,0.822835,0.456693,0.464567,0.511811,0.779528,0.641732,0.669291
0.744094,0.507874,0.374016,0.413386,0.204724,0.30315,0.330709,0.429134,0.259843,0.448819,0.374016,0.34252,0.181102,0.433071,0.311024,0.200787,0.444882,0.547244
0.440945,0.480315,0.503937,0.720472,0.681102,0.216535,0.692913,0.665354,0.562992,0.496063,0.673228,0.783465,0.468504,0.531496,0.562992,0.767717,0.822835,0.685039
0.437008,0.476378,0.53937,0.720472,0.700787,0.224409,0.681102,0.681102,0.543307,0.492126,0.645669,0.799213,0.488189,0.535433,0.531496,0.771654,0.712598,0.692913
0.594488,0.444882,0.322835,0.5,0.484252,0.279528,0.385827,0.582677,0.346457,0.38189,0.393701,0.606299,0.259843,0.480315,0.330709,0.476378,0.397638,0.535433
0.433071,0.476378,0.547244,0.724409,0.720472,0.192913,0.708661,0.661417,0.598425,0.480315,0.685039,0.775591,0.452756,0.511811,0.570866,0.751969,0.885827,0.677165
0.562992,0.429134,0.314961,0.46063,0.476378,0.279528,0.346457,0.566929,0.334646,0.362205,0.358268,0.594488,0.244094,0.472441,0.330709,0.46063,0.38189,0.515748
0.464567,0.492126,0.259843,0.523622,0.212598,0.311024,0.645669,0.665354,0.507874,0.295276,0.653543,0.818898,0.456693,0.437008,0.484252,0.775591,0.661417,0.681102
0.413386,0.476378,0.338583,0.507874,0.244094,0.30315,0.633858,0.700787,0.547244,0.287402,0.602362,0.830709,0.464567,0.507874,0.425197,0.767717,0.551181,0.677165
0.413386,0.46063,0.362205,0.519685,0.251969,0.295276,0.653543,0.69685,0.511811,0.314961,0.614173,0.826772,0.433071,0.515748,0.433071,0.759843,0.519685,0.677165
0.535433,0.437008,0.314961,0.527559,0.444882,0.295276,0.397638,0.562992,0.318898,0.417323,0.393701,0.598425,0.251969,0.476378,0.330709,0.464567,0.405512,0.543307
0.5,0.468504,0.259843,0.53937,0.248031,0.30315,0.669291,0.681102,0.547244,0.291339,0.65748,0.814961,0.480315,0.480315,0.476378,0.771654,0.645669,0.69685
0.728346,0.515748,0.362205,0.433071,0.220472,0.311024,0.346457,0.425197,0.271654,0.440945,0.38189,0.374016,0.192913,0.440945,0.311024,0.232283,0.437008,0.547244
0.433071,0.476378,0.543307,0.712598,0.673228,0.240157,0.688976,0.677165,0.53937,0.5,0.653543,0.795276,0.429134,0.559055,0.527559,0.775591,0.637795,0.692913
0.464567,0.476378,0.275591,0.472441,0.208661,0.314961,0.582677,0.685039,0.476378,0.314961,0.641732,0.811024,0.492126,0.34252,0.484252,0.775591,0.629921,0.685039
0.437008,0.46063,0.322835,0.511811,0.232283,0.299213,0.637795,0.708661,0.5,0.283465,0.622047,0.826772,0.448819,0.488189,0.456693,0.771654,0.570866,0.681102
0.720472,0.5,0.389764,0.476378,0.185039,0.307087,0.377953,0.429134,0.267717,0.472441,0.405512,0.362205,0.181102,0.448819,0.318898,0.240157,0.429134,0.551181
0.440945,0.468504,0.30315,0.444882,0.208661,0.307087,0.566929,0.688976,0.484252,0.248031,0.602362,0.822835,0.46063,0.413386,0.437008,0.80315,0.515748,0.677165
0.456693,0.5,0.519685,0.720472,0.704724,0.173228,0.677165,0.673228,0.527559,0.484252,0.661417,0.783465,0.437008,0.523622,0.555118,0.767717,0.76378,0.677165
0.594488,0.46063,0.326772,0.464567,0.425197,0.26378,0.346457,0.543307,0.311024,0.370079,0.366142,0.57874,0.23622,0.46063,0.34252,0.448819,0.38189,0.523622
0.57874,0.452756,0.334646,0.480315,0.425197,0.26378,0.362205,0.551181,0.311024,0.377953,0.374016,0.57874,0.228346,0.46063,0.34252,0.448819,0.374016,0.531496
0.57874,0.452756,0.334646,0.480315,0.425197,0.26378,0.362205,0.551181,0.311024,0.385827,0.374016,0.57874,0.228346,0.46063,0.34252,0.448819,0.374016,0.531496
0.57874,0.452756,0.334646,0.480315,0.425197,0.26378,0.370079,0.551181,0.311024,0.385827,0.38189,0.57874,0.228346,0.468504,0.34252,0.448819,0.38189,0.531496
0.472441,0.476378,0.496063,0.751969,0.716535,0.188976,0.700787,0.673228,0.543307,0.468504,0.65748,0.783465,0.440945,0.531496,0.570866,0.73622,0.830709,0.641732
0.708661,0.492126,0.385827,0.444882,0.26378,0.30315,0.362205,0.456693,0.275591,0.425197,0.389764,0.425197,0.181102,0.444882,0.318898,0.30315,0.397638,0.527559
0.456693,0.468504,0.34252,0.480315,0.255906,0.30315,0.622047,0.692913,0.523622,0.271654,0.629921,0.822835,0.452756,0.488189,0.476378,0.787402,0.559055,0.688976
0.42126,0.464567,0.374016,0.456693,0.26378,0.30315,0.590551,0.700787,0.515748,0.291339,0.570866,0.822835,0.448819,0.5,0.413386,0.783465,0.515748,0.665354
0.708661,0.503937,0.397638,0.42126,0.224409,0.30315,0.322835,0.444882,0.271654,0.425197,0.362205,0.397638,0.19685,0.437008,0.318898,0.275591,0.429134,0.527559
0.440945,0.472441,0.326772,0.496063,0.232283,0.30315,0.625984,0.685039,0.523622,0.259843,0.614173,0.826772,0.429134,0.496063,0.488189,0.787402,0.535433,0.685039
0.448819,0.480315,0.366142,0.492126,0.248031,0.30315,0.622047,0.700787,0.5,0.295276,0.594488,0.818898,0.429134,0.519685,0.452756,0.787402,0.503937,0.685039
0.429134,0.480315,0.437008,0.708661,0.720472,0.208661,0.665354,0.685039,0.527559,0.480315,0.622047,0.799213,0.444882,0.543307,0.519685,0.775591,0.622047,0.685039
0.555118,0.448819,0.314961,0.488189,0.437008,0.271654,0.374016,0.559055,0.322835,0.370079,0.38189,0.622047,0.255906,0.464567,0.34252,0.503937,0.393701,0.527559
0.724409,0.492126,0.366142,0.425197,0.224409,0.311024,0.350394,0.437008,0.271654,0.425197,0.397638,0.385827,0.188976,0.433071,0.318898,0.259843,0.417323,0.519685
0.409449,0.464567,0.334646,0.468504,0.232283,0.311024,0.602362,0.685039,0.523622,0.255906,0.610236,0.822835,0.46063,0.468504,0.468504,0.795276,0.535433,0.685039
0.429134,0.472441,0.366142,0.476378,0.248031,0.30315,0.602362,0.700787,0.5,0.299213,0.602362,0.822835,0.429134,0.492126,0.456693,0.783465,0.511811,0.681102
0.712598,0.503937,0.405512,0.484252,0.192913,0.30315,0.38189,0.437008,0.279528,0.46063,0.409449,0.385827,0.188976,0.444882,0.326772,0.287402,0.413386,0.535433
0.606299,0.472441,0.366142,0.547244,0.448819,0.287402,0.46063,0.562992,0.34252,0.413386,0.433071,0.606299,0.244094,0.476378,0.350394,0.519685,0.393701,0.551181
0.720472,0.492126,0.377953,0.444882,0.208661,0.311024,0.366142,0.425197,0.267717,0.437008,0.409449,0.362205,0.181102,0.437008,0.318898,0.251969,0.413386,0.53937
0.720472,0.515748,0.377953,0.468504,0.248031,0.295276,0.38189,0.417323,0.267717,0.429134,0.417323,0.393701,0.165354,0.452756,0.326772,0.299213,0.346457,0.53937
0.429134,0.492126,0.5,0.69685,0.681102,0.279528,0.669291,0.665354,0.492126,0.515748,0.645669,0.783465,0.405512,0.555118,0.535433,0.76378,0.566929,0.688976
0.543307,0.46063,0.34252,0.5,0.429134,0.267717,0.393701,0.543307,0.307087,0.393701,0.393701,0.57874,0.224409,0.468504,0.34252,0.456693,0.366142,0.519685
0.543307,0.46063,0.334646,0.515748,0.437008,0.267717,0.417323,0.543307,0.307087,0.409449,0.401575,0.57874,0.224409,0.468504,0.34252,0.456693,0.366142,0.535433
0.551181,0.46063,0.334646,0.523622,0.437008,0.267717,0.425197,0.543307,0.307087,0.425197,0.417323,0.570866,0.216535,0.476378,0.34252,0.456693,0.374016,0.543307
0.452756,0.496063,0.523622,0.700787,0.692913,0.232283,0.673228,0.665354,0.523622,0.519685,0.645669,0.795276,0.42126,0.559055,0.523622,0.76378,0.65748,0.69685
0.429134,0.503937,0.574803,0.700787,0.685039,0.271654,0.681102,0.673228,0.507874,0.515748,0.641732,0.795276,0.437008,0.559055,0.511811,0.755906,0.622047,0.681102
0.472441,0.488189,0.291339,0.484252,0.26378,0.299213,0.61811,0.688976,0.547244,0.291339,0.629921,0.811024,0.492126,0.437008,0.496063,0.771654,0.625984,0.681102
0.724409,0.511811,0.401575,0.440945,0.232283,0.299213,0.346457,0.444882,0.26378,0.452756,0.377953,0.389764,0.188976,0.437008,0.322835,0.26378,0.433071,0.531496
0.716535,0.527559,0.393701,0.456693,0.248031,0.291339,0.362205,0.437008,0.26378,0.444882,0.385827,0.397638,0.188976,0.444882,0.322835,0.295276,0.377953,0.531496
0.582677,0.472441,0.377953,0.519685,0.46063,0.283465,0.433071,0.562992,0.334646,0.405512,0.409449,0.606299,0.248031,0.476378,0.346457,0.515748,0.374016,0.531496
0.590551,0.480315,0.362205,0.519685,0.452756,0.283465,0.433071,0.555118,0.326772,0.413386,0.417323,0.598425,0.232283,0.468504,0.346457,0.5,0.38189,0.53937
0.574803,0.480315,0.362205,0.519685,0.452756,0.283465,0.433071,0.555118,0.326772,0.413386,0.417323,0.590551,0.232283,0.468504,0.346457,0.5,0.38189,0.53937
0.444882,0.488189,0.295276,0.5,0.275591,0.291339,0.653543,0.665354,0.594488,0.275591,0.681102,0.795276,0.492126,0.389764,0.531496,0.76378,0.771654,0.65748
0.559055,0.464567,0.34252,0.527559,0.492126,0.291339,0.397638,0.598425,0.350394,0.350394,0.377953,0.645669,0.283465,0.468504,0.338583,0.531496,0.397638,0.515748
0.440945,0.480315,0.30315,0.440945,0.216535,0.314961,0.551181,0.700787,0.464567,0.350394,0.590551,0.830709,0.437008,0.397638,0.42126,0.791339,0.507874,0.688976
0.551181,0.464567,0.326772,0.566929,0.468504,0.291339,0.444882,0.574803,0.338583,0.413386,0.429134,0.614173,0.279528,0.468504,0.346457,0.503937,0.448819,0.555118
0.681102,0.5,0.397638,0.397638,0.244094,0.295276,0.354331,0.42126,0.279528,0.46063,0.393701,0.377953,0.188976,0.433071,0.307087,0.244094,0.429134,0.535433
0.594488,0.476378,0.374016,0.519685,0.464567,0.287402,0.425197,0.555118,0.334646,0.405512,0.409449,0.602362,0.248031,0.472441,0.338583,0.511811,0.385827,0.535433
0.586614,0.476378,0.366142,0.484252,0.503937,0.295276,0.401575,0.57874,0.366142,0.405512,0.401575,0.629921,0.275591,0.464567,0.338583,0.527559,0.413386,0.527559
0.586614,0.476378,0.366142,0.492126,0.488189,0.287402,0.401575,0.57874,0.350394,0.405512,0.401575,0.614173,0.259843,0.464567,0.338583,0.511811,0.413386,0.527559
0.57874,0.476378,0.366142,0.492126,0.488189,0.287402,0.401575,0.57874,0.34252,0.405512,0.401575,0.614173,0.259843,0.464567,0.338583,0.511811,0.405512,0.527559
0.720472,0.515748,0.374016,0.42126,0.216535,0.30315,0.350394,0.433071,0.26378,0.444882,0.393701,0.354331,0.185039,0.425197,0.307087,0.216535,0.429134,0.527559
0.712598,0.531496,0.374016,0.429134,0.224409,0.30315,0.350394,0.417323,0.271654,0.444882,0.401575,0.362205,0.177165,0.433071,0.314961,0.232283,0.405512,0.527559
0.712598,0.53937,0.374016,0.437008,0.224409,0.30315,0.358268,0.417323,0.271654,0.444882,0.401575,0.370079,0.177165,0.433071,0.314961,0.240157,0.397638,0.527559
0.712598,0.53937,0.374016,0.444882,0.224409,0.30315,0.358268,0.417323,0.271654,0.437008,0.401575,0.370079,0.177165,0.440945,0.314961,0.248031,0.389764,0.527559
0.5,0.480315,0.295276,0.503937,0.23622,0.30315,0.65748,0.677165,0.531496,0.255906,0.665354,0.811024,0.42126,0.452756,0.515748,0.767717,0.692913,0.685039
0.42126,0.496063,0.511811,0.704724,0.720472,0.212598,0.700787,0.677165,0.574803,0.484252,0.669291,0.787402,0.468504,0.5,0.551181,0.759843,0.744094,0.685039
0.46063,0.480315,0.334646,0.503937,0.204724,0.318898,0.645669,0.692913,0.543307,0.267717,0.677165,0.811024,0.444882,0.409449,0.527559,0.759843,0.744094,0.692913
0.468504,0.496063,0.38189,0.503937,0.244094,0.311024,0.637795,0.708661,0.496063,0.314961,0.653543,0.811024,0.413386,0.433071,0.515748,0.744094,0.649606,0.685039
0.492126,0.472441,0.389764,0.46063,0.527559,0.30315,0.366142,0.629921,0.401575,0.38189,0.366142,0.685039,0.330709,0.480315,0.354331,0.594488,0.448819,0.523622
0.492126,0.472441,0.389764,0.468504,0.527559,0.30315,0.38189,0.629921,0.393701,0.397638,0.374016,0.685039,0.330709,0.480315,0.354331,0.594488,0.448819,0.531496
0.492126,0.472441,0.389764,0.468504,0.527559,0.30315,0.38189,0.629921,0.393701,0.397638,0.38189,0.685039,0.322835,0.480315,0.354331,0.594488,0.448819,0.531496
0.503937,0.496063,0.26378,0.507874,0.244094,0.30315,0.661417,0.681102,0.586614,0.267717,0.673228,0.807087,0.480315,0.409449,0.531496,0.751969,0.818898,0.673228
0.692913,0.503937,0.38189,0.437008,0.204724,0.311024,0.346457,0.433071,0.279528,0.468504,0.362205,0.389764,0.192913,0.444882,0.314961,0.255906,0.444882,0.531496
0.692913,0.511811,0.374016,0.444882,0.212598,0.311024,0.346457,0.425197,0.279528,0.46063,0.370079,0.389764,0.192913,0.444882,0.322835,0.271654,0.42126,0.531496
0.444882,0.472441,0.30315,0.476378,0.228346,0.311024,0.633858,0.688976,0.503937,0.271654,0.669291,0.80315,0.448819,0.374016,0.559055,0.76378,0.728346,0.661417
0.531496,0.472441,0.334646,0.523622,0.519685,0.311024,0.405512,0.633858,0.389764,0.370079,0.389764,0.669291,0.314961,0.476378,0.34252,0.586614,0.456693,0.555118
0.53937,0.472441,0.334646,0.523622,0.519685,0.30315,0.405512,0.633858,0.389764,0.377953,0.397638,0.669291,0.314961,0.476378,0.34252,0.57874,0.456693,0.555118
0.712598,0.503937,0.366142,0.42126,0.220472,0.311024,0.334646,0.437008,0.267717,0.448819,0.374016,0.377953,0.19685,0.437008,0.318898,0.248031,0.429134,0.523622
0.712598,0.511811,0.358268,0.429134,0.220472,0.311024,0.334646,0.429134,0.267717,0.440945,0.374016,0.377953,0.19685,0.437008,0.318898,0.248031,0.42126,0.515748
0.425197,0.484252,0.535433,0.692913,0.688976,0.212598,0.677165,0.665354,0.543307,0.507874,0.653543,0.799213,0.448819,0.543307,0.555118,0.767717,0.728346,0.685039
0.543307,0.452756,0.338583,0.440945,0.444882,0.271654,0.322835,0.555118,0.318898,0.370079,0.330709,0.57874,0.240157,0.476378,0.338583,0.468504,0.38189,0.519685
0.692913,0.515748,0.389764,0.397638,0.26378,0.295276,0.322835,0.437008,0.267717,0.448819,0.358268,0.374016,0.192913,0.444882,0.307087,0.23622,0.429134,0.527559
0.692913,0.523622,0.389764,0.413386,0.255906,0.295276,0.330709,0.437008,0.259843,0.440945,0.366142,0.374016,0.192913,0.444882,0.314961,0.244094,0.413386,0.527559
0.444882,0.484252,0.291339,0.480315,0.232283,0.30315,0.629921,0.685039,0.531496,0.251969,0.65748,0.807087,0.452756,0.393701,0.543307,0.76378,0.665354,0.677165
0.413386,0.484252,0.547244,0.700787,0.716535,0.19685,0.677165,0.677165,0.53937,0.480315,0.653543,0.783465,0.437008,0.496063,0.559055,0.755906,0.728346,0.673228
0.681102,0.507874,0.397638,0.413386,0.255906,0.291339,0.338583,0.440945,0.271654,0.433071,0.366142,0.409449,0.192913,0.433071,0.314961,0.283465,0.413386,0.535433
0.649606,0.492126,0.366142,0.515748,0.57874,0.326772,0.401575,0.614173,0.401575,0.385827,0.389764,0.665354,0.314961,0.488189,0.338583,0.582677,0.425197,0.543307
0.649606,0.492126,0.366142,0.523622,0.570866,0.318898,0.409449,0.614173,0.385827,0.385827,0.389764,0.65748,0.307087,0.488189,0.338583,0.566929,0.425197,0.551181
0.429134,0.480315,0.547244,0.692913,0.69685,0.220472,0.665354,0.669291,0.527559,0.484252,0.633858,0.795276,0.448819,0.547244,0.566929,0.759843,0.681102,0.677165
0.649606,0.511811,0.397638,0.397638,0.291339,0.283465,0.330709,0.448819,0.275591,0.437008,0.370079,0.429134,0.192913,0.437008,0.318898,0.307087,0.405512,0.531496
0.649606,0.511811,0.397638,0.405512,0.283465,0.283465,0.338583,0.448819,0.275591,0.429134,0.370079,0.429134,0.192913,0.444882,0.318898,0.314961,0.389764,0.523622
0.433071,0.472441,0.582677,0.688976,0.688976,0.23622,0.65748,0.65748,0.503937,0.496063,0.637795,0.783465,0.409449,0.547244,0.57874,0.76378,0.622047,0.673228
0.551181,0.464567,0.401575,0.448819,0.492126,0.275591,0.350394,0.582677,0.334646,0.366142,0.346457,0.622047,0.259843,0.472441,0.338583,0.515748,0.389764,0.523622
0.42126,0.488189,0.287402,0.480315,0.232283,0.311024,0.633858,0.665354,0.543307,0.26378,0.665354,0.799213,0.480315,0.393701,0.547244,0.76378,0.712598,0.681102
0.677165,0.527559,0.393701,0.46063,0.216535,0.30315,0.377953,0.440945,0.279528,0.456693,0.38189,0.405512,0.200787,0.456693,0.318898,0.30315,0.409449,0.543307
0.570866,0.472441,0.338583,0.5,0.496063,0.287402,0.393701,0.570866,0.354331,0.401575,0.38189,0.614173,0.255906,0.480315,0.334646,0.511811,0.401575,0.535433
0.570866,0.472441,0.346457,0.507874,0.464567,0.279528,0.401575,0.562992,0.330709,0.401575,0.38189,0.590551,0.232283,0.472441,0.334646,0.488189,0.393701,0.535433
0.42126,0.488189,0.555118,0.681102,0.681102,0.26378,0.645669,0.665354,0.496063,0.5,0.614173,0.795276,0.437008,0.562992,0.53937,0.779528,0.590551,0.685039
0.496063,0.496063,0.34252,0.444882,0.220472,0.314961,0.582677,0.681102,0.496063,0.283465,0.622047,0.811024,0.437008,0.413386,0.531496,0.771654,0.590551,0.677165
0.401575,0.488189,0.523622,0.673228,0.724409,0.248031,0.673228,0.681102,0.527559,0.480315,0.65748,0.787402,0.429134,0.480315,0.57874,0.755906,0.637795,0.677165
0.65748,0.511811,0.405512,0.377953,0.279528,0.295276,0.318898,0.444882,0.287402,0.429134,0.346457,0.437008,0.19685,0.437008,0.326772,0.34252,0.389764,0.531496
0.598425,0.488189,0.405512,0.484252,0.547244,0.30315,0.405512,0.590551,0.385827,0.413386,0.393701,0.661417,0.299213,0.476378,0.34252,0.582677,0.433071,0.547244
0.437008,0.480315,0.543307,0.688976,0.692913,0.240157,0.645669,0.669291,0.484252,0.5,0.606299,0.807087,0.417323,0.570866,0.507874,0.775591,0.53937,0.69685
0.503937,0.488189,0.362205,0.46063,0.224409,0.311024,0.598425,0.685039,0.484252,0.271654,0.614173,0.822835,0.409449,0.464567,0.515748,0.767717,0.53937,0.688976
0.42126,0.480315,0.531496,0.688976,0.716535,0.204724,0.677165,0.677165,0.523622,0.488189,0.649606,0.791339,0.401575,0.503937,0.570866,0.751969,0.590551,0.688976
0.673228,0.511811,0.397638,0.358268,0.295276,0.283465,0.295276,0.448819,0.287402,0.429134,0.326772,0.417323,0.19685,0.433071,0.318898,0.30315,0.409449,0.519685
0.393701,0.472441,0.637795,0.685039,0.688976,0.220472,0.653543,0.661417,0.484252,0.503937,0.625984,0.795276,0.38189,0.555118,0.559055,0.771654,0.566929,0.692913
0.393701,0.472441,0.622047,0.685039,0.688976,0.23622,0.645669,0.661417,0.484252,0.496063,0.625984,0.80315,0.38189,0.547244,0.559055,0.76378,0.566929,0.685039
0.665354,0.511811,0.409449,0.397638,0.275591,0.295276,0.334646,0.444882,0.291339,0.437008,0.354331,0.448819,0.192913,0.437008,0.326772,0.346457,0.389764,0.531496
0.594488,0.480315,0.393701,0.444882,0.602362,0.311024,0.366142,0.614173,0.425197,0.42126,0.362205,0.677165,0.334646,0.492126,0.334646,0.625984,0.437008,0.562992
0.586614,0.480315,0.393701,0.476378,0.531496,0.287402,0.389764,0.598425,0.370079,0.389764,0.377953,0.653543,0.295276,0.476378,0.334646,0.57874,0.429134,0.547244
0.409449,0.476378,0.311024,0.476378,0.23622,0.30315,0.622047,0.661417,0.507874,0.248031,0.637795,0.811024,0.468504,0.425197,0.555118,0.771654,0.637795,0.677165
0.669291,0.507874,0.393701,0.397638,0.232283,0.30315,0.326772,0.440945,0.275591,0.433071,0.354331,0.417323,0.204724,0.437008,0.326772,0.311024,0.405512,0.523622
0.393701,0.468504,0.582677,0.673228,0.673228,0.279528,0.637795,0.65748,0.492126,0.492126,0.606299,0.799213,0.417323,0.559055,0.559055,0.771654,0.559055,0.688976
0.393701,0.468504,0.559055,0.681102,0.673228,0.287402,0.637795,0.665354,0.492126,0.492126,0.614173,0.799213,0.417323,0.559055,0.559055,0.76378,0.559055,0.688976
0.393701,0.468504,0.559055,0.681102,0.673228,0.287402,0.645669,0.665354,0.492126,0.492126,0.614173,0.799213,0.417323,0.559055,0.559055,0.76378,0.566929,0.681102
0.523622,0.468504,0.377953,0.440945,0.503937,0.271654,0.34252,0.57874,0.34252,0.385827,0.34252,0.637795,0.275591,0.472441,0.346457,0.535433,0.397638,0.527559
0.507874,0.507874,0.314961,0.440945,0.244094,0.30315,0.566929,0.688976,0.476378,0.283465,0.590551,0.830709,0.417323,0.452756,0.476378,0.783465,0.472441,0.688976
0.515748,0.507874,0.322835,0.440945,0.259843,0.295276,0.574803,0.681102,0.468504,0.291339,0.582677,0.830709,0.417323,0.46063,0.484252,0.775591,0.480315,0.681102
0.413386,0.468504,0.531496,0.685039,0.700787,0.259843,0.645669,0.673228,0.488189,0.480315,0.610236,0.787402,0.413386,0.531496,0.559055,0.759843,0.551181,0.681102
0.492126,0.46063,0.370079,0.448819,0.472441,0.267717,0.362205,0.551181,0.322835,0.397638,0.358268,0.606299,0.244094,0.480315,0.334646,0.511811,0.385827,0.543307
0.484252,0.46063,0.377953,0.456693,0.472441,0.267717,0.377953,0.551181,0.322835,0.397638,0.366142,0.606299,0.244094,0.480315,0.334646,0.511811,0.385827,0.543307
0.673228,0.5,0.397638,0.385827,0.26378,0.299213,0.326772,0.437008,0.275591,0.433071,0.358268,0.429134,0.188976,0.448819,0.318898,0.334646,0.385827,0.543307
0.425197,0.46063,0.566929,0.688976,0.685039,0.279528,0.653543,0.661417,0.468504,0.492126,0.622047,0.795276,0.385827,0.559055,0.562992,0.76378,0.519685,0.688976
0.665354,0.5,0.401575,0.370079,0.255906,0.30315,0.295276,0.437008,0.275591,0.42126,0.318898,0.405512,0.200787,0.444882,0.326772,0.299213,0.42126,0.527559
0.665354,0.507874,0.401575,0.385827,0.255906,0.30315,0.30315,0.437008,0.275591,0.42126,0.326772,0.405512,0.200787,0.444882,0.326772,0.299213,0.405512,0.527559
0.547244,0.492126,0.362205,0.468504,0.267717,0.295276,0.622047,0.665354,0.464567,0.26378,0.622047,0.822835,0.397638,0.476378,0.57874,0.767717,0.53937,0.688976
0.562992,0.492126,0.393701,0.484252,0.46063,0.279528,0.393701,0.57874,0.338583,0.389764,0.38189,0.622047,0.271654,0.468504,0.362205,0.543307,0.397638,0.547244
0.562992,0.492126,0.393701,0.492126,0.46063,0.279528,0.393701,0.57874,0.338583,0.397638,0.38189,0.622047,0.26378,0.468504,0.362205,0.543307,0.397638,0.547244
0.685039,0.515748,0.393701,0.401575,0.244094,0.30315,0.326772,0.429134,0.275591,0.437008,0.34252,0.42126,0.19685,0.452756,0.330709,0.318898,0.393701,0.523622
0.484252,0.484252,0.401575,0.393701,0.244094,0.30315,0.519685,0.700787,0.476378,0.314961,0.555118,0.822835,0.417323,0.46063,0.488189,0.779528,0.440945,0.669291
0.547244,0.484252,0.377953,0.480315,0.468504,0.279528,0.38189,0.562992,0.326772,0.385827,0.377953,0.590551,0.248031,0.468504,0.358268,0.523622,0.385827,0.543307
0.547244,0.484252,0.377953,0.488189,0.468504,0.279528,0.389764,0.562992,0.326772,0.393701,0.385827,0.582677,0.248031,0.468504,0.350394,0.515748,0.377953,0.543307
0.527559,0.476378,0.338583,0.46063,0.259843,0.295276,0.594488,0.685039,0.46063,0.287402,0.551181,0.822835,0.401575,0.535433,0.417323,0.783465,0.456693,0.653543
0.535433,0.476378,0.346457,0.46063,0.275591,0.295276,0.586614,0.685039,0.46063,0.30315,0.543307,0.822835,0.401575,0.535433,0.417323,0.775591,0.456693,0.645669
0.535433,0.476378,0.346457,0.46063,0.275591,0.295276,0.586614,0.685039,0.46063,0.311024,0.543307,0.822835,0.401575,0.527559,0.417323,0.775591,0.456693,0.645669
0.673228,0.507874,0.405512,0.389764,0.224409,0.30315,0.314961,0.433071,0.279528,0.456693,0.334646,0.405512,0.19685,0.444882,0.326772,0.307087,0.413386,0.523622
0.429134,0.46063,0.53937,0.700787,0.681102,0.224409,0.65748,0.661417,0.515748,0.488189,0.633858,0.795276,0.38189,0.559055,0.590551,0.759843,0.570866,0.700787
0.523622,0.468504,0.389764,0.429134,0.492126,0.271654,0.346457,0.574803,0.334646,0.393701,0.354331,0.633858,0.259843,0.468504,0.346457,0.551181,0.401575,0.531496
0.46063,0.468504,0.291339,0.46063,0.224409,0.311024,0.606299,0.673228,0.523622,0.26378,0.622047,0.822835,0.464567,0.429134,0.515748,0.783465,0.555118,0.69685
0.484252,0.468504,0.299213,0.468504,0.232283,0.30315,0.606299,0.673228,0.515748,0.279528,0.622047,0.822835,0.464567,0.437008,0.515748,0.783465,0.555118,0.688976
0.484252,0.468504,0.299213,0.476378,0.240157,0.30315,0.606299,0.681102,0.507874,0.295276,0.622047,0.822835,0.464567,0.437008,0.515748,0.775591,0.555118,0.688976
0.401575,0.468504,0.519685,0.673228,0.712598,0.228346,0.65748,0.673228,0.515748,0.468504,0.641732,0.791339,0.448819,0.507874,0.574803,0.76378,0.602362,0.685039
0.401575,0.468504,0.480315,0.673228,0.712598,0.251969,0.65748,0.673228,0.507874,0.468504,0.633858,0.791339,0.448819,0.507874,0.574803,0.76378,0.602362,0.685039
0.401575,0.468504,0.480315,0.673228,0.712598,0.251969,0.65748,0.673228,0.507874,0.468504,0.633858,0.791339,0.448819,0.507874,0.574803,0.76378,0.602362,0.685039
0.456693,0.468504,0.389764,0.472441,0.511811,0.271654,0.397638,0.598425,0.362205,0.401575,0.393701,0.677165,0.295276,0.468504,0.362205,0.602362,0.440945,0.551181
0.456693,0.468504,0.389764,0.480315,0.511811,0.271654,0.413386,0.598425,0.362205,0.409449,0.401575,0.669291,0.295276,0.468504,0.362205,0.602362,0.433071,0.559055
0.503937,0.476378,0.311024,0.496063,0.228346,0.311024,0.633858,0.681102,0.488189,0.271654,0.622047,0.822835,0.42126,0.503937,0.531496,0.771654,0.527559,0.692913
0.535433,0.468504,0.350394,0.496063,0.515748,0.295276,0.389764,0.590551,0.346457,0.374016,0.38189,0.625984,0.271654,0.480315,0.350394,0.555118,0.405512,0.543307
0.535433,0.468504,0.350394,0.496063,0.515748,0.295276,0.397638,0.590551,0.346457,0.38189,0.38189,0.625984,0.271654,0.480315,0.350394,0.547244,0.405512,0.551181
0.535433,0.468504,0.358268,0.496063,0.507874,0.287402,0.397638,0.590551,0.346457,0.389764,0.389764,0.625984,0.271654,0.480315,0.350394,0.547244,0.405512,0.551181
0.535433,0.468504,0.358268,0.496063,0.507874,0.287402,0.397638,0.590551,0.346457,0.389764,0.389764,0.625984,0.271654,0.480315,0.350394,0.547244,0.405512,0.551181
0.688976,0.515748,0.374016,0.393701,0.224409,0.311024,0.318898,0.425197,0.275591,0.437008,0.346457,0.389764,0.200787,0.448819,0.318898,0.283465,0.425197,0.527559
0.527559,0.488189,0.346457,0.437008,0.240157,0.30315,0.594488,0.677165,0.480315,0.23622,0.602362,0.826772,0.405512,0.468504,0.535433,0.775591,0.492126,0.685039
0.527559,0.488189,0.346457,0.444882,0.248031,0.30315,0.594488,0.677165,0.480315,0.251969,0.602362,0.826772,0.413386,0.468504,0.527559,0.775591,0.492126,0.685039
0.425197,0.472441,0.527559,0.69685,0.708661,0.228346,0.65748,0.677165,0.503937,0.472441,0.61811,0.795276,0.405512,0.535433,0.562992,0.76378,0.535433,0.681102
0.543307,0.488189,0.362205,0.5,0.204724,0.307087,0.641732,0.685039,0.456693,0.255906,0.633858,0.811024,0.38189,0.484252,0.570866,0.76378,0.543307,0.688976
0.543307,0.488189,0.370079,0.5,0.220472,0.307087,0.641732,0.685039,0.456693,0.271654,0.625984,0.811024,0.38189,0.484252,0.570866,0.755906,0.551181,0.688976
0.401575,0.472441,0.523622,0.677165,0.724409,0.251969,0.677165,0.685039,0.496063,0.464567,0.637795,0.795276,0.38189,0.5,0.586614,0.755906,0.559055,0.681102
0.393701,0.472441,0.5,0.669291,0.724409,0.267717,0.677165,0.685039,0.496063,0.464567,0.637795,0.795276,0.38189,0.5,0.586614,0.755906,0.559055,0.681102
0.393701,0.472441,0.5,0.669291,0.724409,0.275591,0.677165,0.685039,0.496063,0.464567,0.637795,0.795276,0.38189,0.5,0.586614,0.755906,0.559055,0.681102
0.677165,0.527559,0.413386,0.397638,0.259843,0.30315,0.330709,0.437008,0.283465,0.433071,0.34252,0.437008,0.19685,0.444882,0.330709,0.350394,0.385827,0.531496
0.425197,0.464567,0.622047,0.708661,0.69685,0.188976,0.673228,0.653543,0.480315,0.492126,0.645669,0.795276,0.34252,0.547244,0.598425,0.755906,0.582677,0.692913
0.53937,0.503937,0.326772,0.448819,0.220472,0.311024,0.598425,0.677165,0.476378,0.251969,0.645669,0.818898,0.34252,0.34252,0.590551,0.755906,0.590551,0.692913
0.547244,0.464567,0.385827,0.452756,0.437008,0.275591,0.34252,0.53937,0.30315,0.377953,0.34252,0.570866,0.216535,0.476378,0.338583,0.511811,0.385827,0.527559
0.46063,0.464567,0.492126,0.716535,0.716535,0.204724,0.669291,0.673228,0.531496,0.492126,0.645669,0.787402,0.401575,0.547244,0.602362,0.755906,0.653543,0.688976
0.5,0.464567,0.377953,0.448819,0.464567,0.275591,0.354331,0.559055,0.326772,0.397638,0.362205,0.622047,0.251969,0.468504,0.354331,0.559055,0.417323,0.531496
0.692913,0.511811,0.385827,0.417323,0.251969,0.299213,0.338583,0.429134,0.275591,0.437008,0.362205,0.393701,0.200787,0.444882,0.322835,0.287402,0.417323,0.523622
0.531496,0.484252,0.362205,0.42126,0.220472,0.307087,0.582677,0.661417,0.492126,0.220472,0.614173,0.822835,0.409449,0.42126,0.527559,0.775591,0.511811,0.688976
0.377953,0.46063,0.625984,0.704724,0.708661,0.216535,0.685039,0.673228,0.531496,0.480315,0.645669,0.787402,0.389764,0.503937,0.590551,0.751969,0.562992,0.681102
