0.468503937007874,0.421259842519685,0.37401574803149606,0.6692913385826772,0.24015748031496062,0.29133858267716534,0.6062992125984252,0.2755905511811024,0.2637795275590551,0.5590551181102362,0.7677165354330708,0.7283464566929134,0.15354330708661418,0.3661417322834646,0.468503937007874,0.6220472440944882,0.31496062992125984,0.610236220472441
0.39763779527559057,0.515748031496063,0.2283464566929134,0.6929133858267716,0.4448818897637795,0.33858267716535434,0.5,0.2677165354330709,0.27165354330708663,0.47244094488188976,0.4881889763779528,0.2440944881889764,0.14960629921259844,0.5393700787401575,0.3031496062992126,0.19291338582677164,0.2440944881889764,0.6417322834645669
0.468503937007874,0.43700787401574803,0.4330708661417323,0.6141732283464567,0.25196850393700787,0.29133858267716534,0.5590551181102362,0.3110236220472441,0.2795275590551181,0.5669291338582677,0.7204724409448819,0.8188976377952756,0.23228346456692914,0.33858267716535434,0.3937007874015748,0.531496062992126,0.4409448818897638,0.6259842519685039
0.7086614173228346,0.6456692913385826,0.49606299212598426,0.547244094488189,0.6692913385826772,0.46062992125984253,0.468503937007874,0.7244094488188977,0.515748031496063,0.46062992125984253,0.4251968503937008,0.7992125984251969,0.515748031496063,0.4330708661417323,0.27165354330708663,0.7204724409448819,0.7992125984251969,0.6141732283464567
0.5039370078740157,0.531496062992126,0.5511811023622047,0.5826771653543307,0.2047244094488189,0.32677165354330706,0.65748031496063,0.6929133858267716,0.4448818897637795,0.6377952755905512,0.7283464566929134,0.8070866141732284,0.3543307086614173,0.47244094488188976,0.468503937007874,0.6299212598425197,0.7519685039370079,0.6456692913385826
0.5118110236220472,0.484251968503937,0.44881889763779526,0.6220472440944882,0.2204724409448819,0.3110236220472441,0.5118110236220472,0.2874015748031496,0.3188976377952756,0.49606299212598426,0.7204724409448819,0.7992125984251969,0.3464566929133858,0.20078740157480315,0.39763779527559057,0.5078740157480315,0.43700787401574803,0.6062992125984252
0.5118110236220472,0.4763779527559055,0.47244094488188976,0.6141732283464567,0.2283464566929134,0.3110236220472441,0.5275590551181102,0.3228346456692913,0.3031496062992126,0.49606299212598426,0.7244094488188977,0.8031496062992126,0.3937007874015748,0.23228346456692914,0.40551181102362205,0.531496062992126,0.5,0.5984251968503937
0.452755905511811,0.4921259842519685,0.5354330708661418,0.6259842519685039,0.1889763779527559,0.3188976377952756,0.6732283464566929,0.6929133858267716,0.4251968503937008,0.5393700787401575,0.7480314960629921,0.7992125984251969,0.33858267716535434,0.5039370078740157,0.4921259842519685,0.5826771653543307,0.6181102362204725,0.6062992125984252
0.46062992125984253,0.4921259842519685,0.5354330708661418,0.6181102362204725,0.1968503937007874,0.3110236220472441,0.6732283464566929,0.6929133858267716,0.4251968503937008,0.547244094488189,0.7401574803149606,0.7992125984251969,0.33858267716535434,0.5039370078740157,0.4921259842519685,0.5826771653543307,0.6181102362204725,0.6062992125984252
0.4330708661417323,0.5669291338582677,0.30708661417322836,0.6417322834645669,0.5433070866141733,0.4566929133858268,0.4448818897637795,0.3188976377952756,0.2755905511811024,0.5039370078740157,0.4448818897637795,0.2677165354330709,0.1889763779527559,0.5,0.2992125984251969,0.2047244094488189,0.29133858267716534,0.6417322834645669
0.38976377952755903,0.4251968503937008,0.38188976377952755,0.6771653543307087,0.2559055118110236,0.33070866141732286,0.6259842519685039,0.28346456692913385,0.2992125984251969,0.5236220472440944,0.7952755905511811,0.6850393700787402,0.15748031496062992,0.24803149606299213,0.48031496062992124,0.5826771653543307,0.4448818897637795,0.7007874015748031
0.37401574803149606,0.48031496062992124,0.23622047244094488,0.6968503937007874,0.44881889763779526,0.3188976377952756,0.5590551181102362,0.2874015748031496,0.2992125984251969,0.4921259842519685,0.531496062992126,0.23228346456692914,0.17716535433070865,0.5511811023622047,0.3031496062992126,0.2047244094488189,0.2952755905511811,0.7322834645669292
0.37401574803149606,0.48031496062992124,0.23622047244094488,0.6968503937007874,0.44881889763779526,0.3188976377952756,0.5590551181102362,0.2874015748031496,0.2992125984251969,0.4921259842519685,0.5236220472440944,0.23228346456692914,0.17716535433070865,0.5511811023622047,0.3031496062992126,0.2047244094488189,0.2952755905511811,0.7244094488188977
0.3661417322834646,0.5393700787401575,0.23622047244094488,0.7086614173228346,0.452755905511811,0.3425196850393701,0.5275590551181102,0.29133858267716534,0.29133858267716534,0.4881889763779528,0.49606299212598426,0.22440944881889763,0.17716535433070865,0.547244094488189,0.2795275590551181,0.16929133858267717,0.3110236220472441,0.6968503937007874
0.38976377952755903,0.5118110236220472,0.23622047244094488,0.7165354330708661,0.452755905511811,0.33858267716535434,0.5433070866141733,0.2952755905511811,0.29133858267716534,0.49606299212598426,0.5039370078740157,0.20866141732283464,0.19291338582677164,0.5236220472440944,0.2874015748031496,0.16535433070866143,0.28346456692913385,0.6535433070866141
0.38188976377952755,0.4645669291338583,0.46062992125984253,0.6220472440944882,0.2559055118110236,0.30708661417322836,0.7165354330708661,0.594488188976378,0.3779527559055118,0.5118110236220472,0.7874015748031497,0.7598425196850394,0.1062992125984252,0.5511811023622047,0.4881889763779528,0.6417322834645669,0.5708661417322834,0.6929133858267716
0.38188976377952755,0.47244094488188976,0.4566929133858268,0.6220472440944882,0.3110236220472441,0.30708661417322836,0.7086614173228346,0.6023622047244095,0.3700787401574803,0.594488188976378,0.8031496062992126,0.7362204724409449,0.16141732283464566,0.5118110236220472,0.48031496062992124,0.6377952755905512,0.41732283464566927,0.6377952755905512
0.44881889763779526,0.468503937007874,0.5236220472440944,0.562992125984252,0.2637795275590551,0.2992125984251969,0.7047244094488189,0.5984251968503937,0.37401574803149606,0.468503937007874,0.7795275590551181,0.7283464566929134,0.2204724409448819,0.547244094488189,0.44881889763779526,0.6181102362204725,0.5039370078740157,0.6259842519685039
0.4251968503937008,0.468503937007874,0.531496062992126,0.5787401574803149,0.2204724409448819,0.31496062992125984,0.7244094488188977,0.5708661417322834,0.33070866141732286,0.43700787401574803,0.7952755905511811,0.7086614173228346,0.19291338582677164,0.5748031496062992,0.468503937007874,0.6062992125984252,0.48031496062992124,0.6535433070866141
0.3779527559055118,0.42913385826771655,0.48031496062992124,0.547244094488189,0.25196850393700787,0.30708661417322836,0.6417322834645669,0.6850393700787402,0.3700787401574803,0.468503937007874,0.7755905511811023,0.7637795275590551,0.18503937007874016,0.4566929133858268,0.468503937007874,0.6456692913385826,0.42913385826771655,0.6220472440944882
0.4645669291338583,0.4448818897637795,0.5,0.5669291338582677,0.2047244094488189,0.31496062992125984,0.5275590551181102,0.32677165354330706,0.29133858267716534,0.5787401574803149,0.7007874015748031,0.8307086614173228,0.2204724409448819,0.29133858267716534,0.38188976377952755,0.5866141732283464,0.5078740157480315,0.6692913385826772
0.7165354330708661,0.5984251968503937,0.3937007874015748,0.610236220472441,0.6889763779527559,0.08661417322834646,0.5,0.7283464566929134,0.5196850393700787,0.468503937007874,0.43700787401574803,0.7992125984251969,0.46062992125984253,0.49606299212598426,0.2992125984251969,0.7559055118110236,0.6417322834645669,0.65748031496063
0.41732283464566927,0.421259842519685,0.4409448818897638,0.6220472440944882,0.23622047244094488,0.3031496062992126,0.531496062992126,0.3228346456692913,0.30708661417322836,0.5,0.7086614173228346,0.7480314960629921,0.1732283464566929,0.20866141732283464,0.44881889763779526,0.6377952755905512,0.3425196850393701,0.5708661417322834
0.3858267716535433,0.4763779527559055,0.2283464566929134,0.7086614173228346,0.42913385826771655,0.2755905511811024,0.5748031496062992,0.2874015748031496,0.2992125984251969,0.4921259842519685,0.5354330708661418,0.23228346456692914,0.18503937007874016,0.562992125984252,0.2952755905511811,0.1732283464566929,0.3188976377952756,0.7440944881889764
0.3425196850393701,0.48031496062992124,0.2677165354330709,0.6850393700787402,0.43700787401574803,0.32677165354330706,0.5,0.2952755905511811,0.28346456692913385,0.49606299212598426,0.47244094488188976,0.25984251968503935,0.18503937007874016,0.5393700787401575,0.2952755905511811,0.23228346456692914,0.3031496062992126,0.5039370078740157
0.4251968503937008,0.44881889763779526,0.5236220472440944,0.5787401574803149,0.2125984251968504,0.3110236220472441,0.7244094488188977,0.6417322834645669,0.36220472440944884,0.37401574803149606,0.8031496062992126,0.7480314960629921,0.12992125984251968,0.47244094488188976,0.5196850393700787,0.6456692913385826,0.6141732283464567,0.7007874015748031
0.39763779527559057,0.47244094488188976,0.2559055118110236,0.6811023622047244,0.44881889763779526,0.2795275590551181,0.5078740157480315,0.29133858267716534,0.3031496062992126,0.47244094488188976,0.5,0.2204724409448819,0.18503937007874016,0.5196850393700787,0.29133858267716534,0.1732283464566929,0.35039370078740156,0.6771653543307087
0.40551181102362205,0.4015748031496063,0.41338582677165353,0.65748031496063,0.2559055118110236,0.2952755905511811,0.6220472440944882,0.2755905511811024,0.3110236220472441,0.5354330708661418,0.7519685039370079,0.6456692913385826,0.16535433070866143,0.24803149606299213,0.421259842519685,0.5275590551181102,0.515748031496063,0.7480314960629921
0.5905511811023622,0.515748031496063,0.33070866141732286,0.610236220472441,0.7047244094488189,0.562992125984252,0.41338582677165353,0.7283464566929134,0.5275590551181102,0.4409448818897638,0.40551181102362205,0.7834645669291339,0.5236220472440944,0.46062992125984253,0.28346456692913385,0.7362204724409449,0.610236220472441,0.6850393700787402
0.38976377952755903,0.452755905511811,0.5354330708661418,0.562992125984252,0.23622047244094488,0.3228346456692913,0.7244094488188977,0.6299212598425197,0.3425196850393701,0.3346456692913386,0.7834645669291339,0.7322834645669292,0.22440944881889763,0.4645669291338583,0.562992125984252,0.6417322834645669,0.531496062992126,0.6771653543307087
0.6614173228346457,0.5393700787401575,0.36220472440944884,0.6181102362204725,0.7283464566929134,0.6023622047244095,0.44881889763779526,0.7559055118110236,0.6220472440944882,0.43700787401574803,0.43700787401574803,0.8149606299212598,0.5551181102362205,0.4645669291338583,0.2795275590551181,0.7637795275590551,0.6259842519685039,0.6220472440944882
0.7283464566929134,0.6023622047244095,0.40551181102362205,0.6456692913385826,0.7165354330708661,0.6614173228346457,0.484251968503937,0.7519685039370079,0.6456692913385826,0.44881889763779526,0.42913385826771655,0.8188976377952756,0.421259842519685,0.5078740157480315,0.2952755905511811,0.7952755905511811,0.6771653543307087,0.562992125984252
0.4448818897637795,0.4251968503937008,0.43700787401574803,0.6377952755905512,0.2440944881889764,0.33858267716535434,0.594488188976378,0.2992125984251969,0.3346456692913386,0.5433070866141733,0.7559055118110236,0.6968503937007874,0.1732283464566929,0.1889763779527559,0.48031496062992124,0.5984251968503937,0.3779527559055118,0.6653543307086615
0.4330708661417323,0.4015748031496063,0.421259842519685,0.6259842519685039,0.2559055118110236,0.3228346456692913,0.5905511811023622,0.2637795275590551,0.3228346456692913,0.5275590551181102,0.7637795275590551,0.6968503937007874,0.18503937007874016,0.18110236220472442,0.421259842519685,0.5039370078740157,0.3425196850393701,0.6259842519685039
0.3937007874015748,0.4330708661417323,0.2559055118110236,0.6929133858267716,0.4566929133858268,0.2952755905511811,0.5078740157480315,0.2795275590551181,0.30708661417322836,0.4881889763779528,0.49606299212598426,0.24803149606299213,0.1889763779527559,0.5433070866141733,0.2952755905511811,0.1889763779527559,0.32677165354330706,0.7244094488188977
0.6220472440944882,0.531496062992126,0.3188976377952756,0.594488188976378,0.7007874015748031,0.5,0.421259842519685,0.7244094488188977,0.5,0.4645669291338583,0.41338582677165353,0.7913385826771654,0.5118110236220472,0.4921259842519685,0.2795275590551181,0.7598425196850394,0.594488188976378,0.6811023622047244
0.39763779527559057,0.4448818897637795,0.5196850393700787,0.5866141732283464,0.25196850393700787,0.32677165354330706,0.7401574803149606,0.6062992125984252,0.35039370078740156,0.3543307086614173,0.7677165354330708,0.7165354330708661,0.2755905511811024,0.5,0.547244094488189,0.6141732283464567,0.40551181102362205,0.6732283464566929
0.38188976377952755,0.468503937007874,0.27165354330708663,0.6653543307086615,0.484251968503937,0.29133858267716534,0.5118110236220472,0.2952755905511811,0.3110236220472441,0.4921259842519685,0.5039370078740157,0.25196850393700787,0.2047244094488189,0.5039370078740157,0.3110236220472441,0.1968503937007874,0.35039370078740156,0.6850393700787402
0.7007874015748031,0.5748031496062992,0.39763779527559057,0.594488188976378,0.6811023622047244,0.35826771653543305,0.42913385826771655,0.7204724409448819,0.4448818897637795,0.5039370078740157,0.4094488188976378,0.7913385826771654,0.42913385826771655,0.49606299212598426,0.2795275590551181,0.7755905511811023,0.4409448818897638,0.6889763779527559
0.35826771653543305,0.43700787401574803,0.5078740157480315,0.5984251968503937,0.2795275590551181,0.31496062992125984,0.6535433070866141,0.6732283464566929,0.38976377952755903,0.5590551181102362,0.6732283464566929,0.7755905511811023,0.36220472440944884,0.48031496062992124,0.5551181102362205,0.7244094488188977,0.4409448818897638,0.6456692913385826
0.421259842519685,0.42913385826771655,0.531496062992126,0.5433070866141733,0.2952755905511811,0.31496062992125984,0.6811023622047244,0.7086614173228346,0.484251968503937,0.40551181102362205,0.8031496062992126,0.7047244094488189,0.23228346456692914,0.27165354330708663,0.5236220472440944,0.6023622047244095,0.5787401574803149,0.6535433070866141
0.5236220472440944,0.4566929133858268,0.4763779527559055,0.610236220472441,0.21653543307086615,0.31496062992125984,0.5433070866141733,0.3110236220472441,0.2755905511811024,0.5433070866141733,0.7401574803149606,0.7755905511811023,0.15748031496062992,0.2755905511811024,0.38188976377952755,0.610236220472441,0.39763779527559057,0.6259842519685039
0.6889763779527559,0.6220472440944882,0.3464566929133858,0.5984251968503937,0.6535433070866141,0.43700787401574803,0.468503937007874,0.7007874015748031,0.5118110236220472,0.4763779527559055,0.4330708661417323,0.7362204724409449,0.4645669291338583,0.484251968503937,0.2755905511811024,0.7165354330708661,0.7244094488188977,0.6653543307086615
0.48031496062992124,0.5118110236220472,0.2677165354330709,0.6692913385826772,0.515748031496063,0.37401574803149606,0.4645669291338583,0.2952755905511811,0.2992125984251969,0.48031496062992124,0.452755905511811,0.2283464566929134,0.1889763779527559,0.5196850393700787,0.28346456692913385,0.18110236220472442,0.3031496062992126,0.6692913385826772
0.6653543307086615,0.5393700787401575,0.2677165354330709,0.6929133858267716,0.5354330708661418,0.4566929133858268,0.5511811023622047,0.6299212598425197,0.4921259842519685,0.4881889763779528,0.5078740157480315,0.6771653543307087,0.4645669291338583,0.49606299212598426,0.29133858267716534,0.6181102362204725,0.6614173228346457,0.6338582677165354
0.4448818897637795,0.4251968503937008,0.41338582677165353,0.6535433070866141,0.2204724409448819,0.3110236220472441,0.562992125984252,0.2992125984251969,0.3110236220472441,0.5590551181102362,0.7204724409448819,0.7125984251968503,0.1889763779527559,0.2125984251968504,0.43700787401574803,0.65748031496063,0.33070866141732286,0.6417322834645669
0.4251968503937008,0.4645669291338583,0.5236220472440944,0.594488188976378,0.25196850393700787,0.3031496062992126,0.7401574803149606,0.6850393700787402,0.36220472440944884,0.39763779527559057,0.7677165354330708,0.7440944881889764,0.2677165354330709,0.5236220472440944,0.5,0.6692913385826772,0.39763779527559057,0.6653543307086615
0.6732283464566929,0.5511811023622047,0.36220472440944884,0.6535433070866141,0.5905511811023622,0.3188976377952756,0.5433070866141733,0.6692913385826772,0.5511811023622047,0.4448818897637795,0.49606299212598426,0.7047244094488189,0.468503937007874,0.4921259842519685,0.2992125984251969,0.6614173228346457,0.6496062992125984,0.6811023622047244
0.5,0.5275590551181102,0.2755905511811024,0.6614173228346457,0.5275590551181102,0.2952755905511811,0.47244094488188976,0.2992125984251969,0.31496062992125984,0.42913385826771655,0.47244094488188976,0.23622047244094488,0.1968503937007874,0.4921259842519685,0.29133858267716534,0.17716535433070865,0.35039370078740156,0.6535433070866141
0.4448818897637795,0.4015748031496063,0.5118110236220472,0.5866141732283464,0.1889763779527559,0.31496062992125984,0.7401574803149606,0.6732283464566929,0.3661417322834646,0.30708661417322836,0.7716535433070866,0.7559055118110236,0.2204724409448819,0.4763779527559055,0.5196850393700787,0.6338582677165354,0.515748031496063,0.6692913385826772
0.46062992125984253,0.41732283464566927,0.5118110236220472,0.5787401574803149,0.2283464566929134,0.30708661417322836,0.5236220472440944,0.2952755905511811,0.3110236220472441,0.547244094488189,0.7244094488188977,0.7795275590551181,0.17716535433070865,0.22440944881889763,0.4645669291338583,0.6023622047244095,0.468503937007874,0.6535433070866141
0.531496062992126,0.5354330708661418,0.3031496062992126,0.6614173228346457,0.5748031496062992,0.2677165354330709,0.5039370078740157,0.6496062992125984,0.5708661417322834,0.4448818897637795,0.4763779527559055,0.6889763779527559,0.4330708661417323,0.4881889763779528,0.3031496062992126,0.5866141732283464,0.5236220472440944,0.6141732283464567
0.4409448818897638,0.4330708661417323,0.43700787401574803,0.610236220472441,0.19291338582677164,0.3110236220472441,0.5275590551181102,0.3031496062992126,0.3188976377952756,0.5039370078740157,0.6968503937007874,0.7244094488188977,0.16141732283464566,0.18110236220472442,0.46062992125984253,0.6377952755905512,0.3779527559055118,0.6456692913385826
0.6141732283464567,0.515748031496063,0.2755905511811024,0.6968503937007874,0.562992125984252,0.24015748031496062,0.531496062992126,0.6299212598425197,0.4409448818897638,0.4448818897637795,0.5236220472440944,0.6771653543307087,0.41732283464566927,0.4448818897637795,0.30708661417322836,0.6062992125984252,0.5826771653543307,0.6417322834645669
0.5551181102362205,0.4566929133858268,0.25196850393700787,0.6850393700787402,0.5590551181102362,0.29133858267716534,0.5551181102362205,0.6259842519685039,0.6653543307086615,0.4330708661417323,0.5275590551181102,0.6496062992125984,0.46062992125984253,0.4763779527559055,0.30708661417322836,0.5669291338582677,0.5866141732283464,0.5669291338582677
0.39763779527559057,0.3700787401574803,0.42913385826771655,0.6299212598425197,0.23622047244094488,0.29133858267716534,0.5866141732283464,0.3031496062992126,0.29133858267716534,0.5275590551181102,0.7440944881889764,0.7440944881889764,0.1220472440944882,0.25984251968503935,0.4448818897637795,0.6338582677165354,0.41732283464566927,0.7125984251968503
0.5905511811023622,0.5039370078740157,0.2874015748031496,0.6299212598425197,0.6377952755905512,0.15748031496062992,0.4566929133858268,0.6732283464566929,0.4094488188976378,0.41338582677165353,0.44881889763779526,0.7165354330708661,0.3858267716535433,0.44881889763779526,0.2874015748031496,0.6889763779527559,0.5,0.6062992125984252
0.4015748031496063,0.5,0.2637795275590551,0.6614173228346457,0.484251968503937,0.3425196850393701,0.46062992125984253,0.3188976377952756,0.2992125984251969,0.35826771653543305,0.47244094488188976,0.2637795275590551,0.20866141732283464,0.48031496062992124,0.2874015748031496,0.25196850393700787,0.3661417322834646,0.5433070866141733
0.3779527559055118,0.4448818897637795,0.4881889763779528,0.610236220472441,0.2440944881889764,0.2952755905511811,0.7362204724409449,0.6417322834645669,0.28346456692913385,0.32677165354330706,0.7834645669291339,0.7322834645669292,0.16535433070866143,0.5078740157480315,0.5196850393700787,0.6259842519685039,0.43700787401574803,0.7283464566929134
0.40551181102362205,0.484251968503937,0.2637795275590551,0.6811023622047244,0.468503937007874,0.3031496062992126,0.5196850393700787,0.2952755905511811,0.2992125984251969,0.43700787401574803,0.5275590551181102,0.22440944881889763,0.20078740157480315,0.4881889763779528,0.3031496062992126,0.18503937007874016,0.35826771653543305,0.65748031496063
0.610236220472441,0.5551181102362205,0.3188976377952756,0.610236220472441,0.6889763779527559,0.468503937007874,0.4566929133858268,0.7283464566929134,0.547244094488189,0.4015748031496063,0.452755905511811,0.8031496062992126,0.4251968503937008,0.4566929133858268,0.2874015748031496,0.7677165354330708,0.5905511811023622,0.594488188976378
0.6732283464566929,0.5669291338582677,0.32677165354330706,0.6456692913385826,0.6535433070866141,0.2755905511811024,0.49606299212598426,0.7165354330708661,0.6023622047244095,0.421259842519685,0.4763779527559055,0.7559055118110236,0.3937007874015748,0.484251968503937,0.2952755905511811,0.7480314960629921,0.6496062992125984,0.5669291338582677
0.38976377952755903,0.452755905511811,0.5393700787401575,0.5551181102362205,0.2283464566929134,0.3110236220472441,0.7244094488188977,0.6417322834645669,0.35826771653543305,0.2992125984251969,0.7440944881889764,0.7480314960629921,0.2795275590551181,0.515748031496063,0.5236220472440944,0.6456692913385826,0.5,0.6732283464566929
0.39763779527559057,0.468503937007874,0.5039370078740157,0.6220472440944882,0.2874015748031496,0.2952755905511811,0.7362204724409449,0.6496062992125984,0.3228346456692913,0.3937007874015748,0.7913385826771654,0.7401574803149606,0.14173228346456693,0.49606299212598426,0.5275590551181102,0.6496062992125984,0.29133858267716534,0.6653543307086615
0.47244094488188976,0.547244094488189,0.2795275590551181,0.6417322834645669,0.5236220472440944,0.3425196850393701,0.4763779527559055,0.30708661417322836,0.3188976377952756,0.4566929133858268,0.5,0.2440944881889764,0.2204724409448819,0.4881889763779528,0.3031496062992126,0.18503937007874016,0.3858267716535433,0.6535433070866141
0.6141732283464567,0.5551181102362205,0.2952755905511811,0.6614173228346457,0.6220472440944882,0.13385826771653545,0.5,0.6771653543307087,0.47244094488188976,0.4409448818897638,0.484251968503937,0.7165354330708661,0.421259842519685,0.5118110236220472,0.2952755905511811,0.6771653543307087,0.4881889763779528,0.6535433070866141
0.41732283464566927,0.41338582677165353,0.468503937007874,0.5984251968503937,0.22440944881889763,0.2992125984251969,0.531496062992126,0.3228346456692913,0.30708661417322836,0.5511811023622047,0.6692913385826772,0.7244094488188977,0.1889763779527559,0.2440944881889764,0.4448818897637795,0.6496062992125984,0.37401574803149606,0.6968503937007874
0.41732283464566927,0.41338582677165353,0.46062992125984253,0.6062992125984252,0.24015748031496062,0.2992125984251969,0.5748031496062992,0.27165354330708663,0.31496062992125984,0.4763779527559055,0.7559055118110236,0.7244094488188977,0.13385826771653545,0.16141732283464566,0.4448818897637795,0.6338582677165354,0.33858267716535434,0.6692913385826772
0.42913385826771655,0.5236220472440944,0.2755905511811024,0.6968503937007874,0.49606299212598426,0.2992125984251969,0.484251968503937,0.30708661417322836,0.30708661417322836,0.3779527559055118,0.5118110236220472,0.25196850393700787,0.21653543307086615,0.47244094488188976,0.2952755905511811,0.18110236220472442,0.4015748031496063,0.6259842519685039
0.3110236220472441,0.5118110236220472,0.2992125984251969,0.6456692913385826,0.4881889763779528,0.2795275590551181,0.43700787401574803,0.35039370078740156,0.2755905511811024,0.3425196850393701,0.43700787401574803,0.33858267716535434,0.18503937007874016,0.452755905511811,0.3110236220472441,0.2677165354330709,0.33070866141732286,0.5078740157480315
0.3346456692913386,0.515748031496063,0.29133858267716534,0.65748031496063,0.48031496062992124,0.2992125984251969,0.452755905511811,0.33858267716535434,0.28346456692913385,0.3543307086614173,0.44881889763779526,0.3228346456692913,0.19291338582677164,0.452755905511811,0.3031496062992126,0.2755905511811024,0.33070866141732286,0.484251968503937
0.40551181102362205,0.4763779527559055,0.29133858267716534,0.6653543307086615,0.515748031496063,0.3937007874015748,0.4330708661417323,0.3543307086614173,0.2992125984251969,0.27165354330708663,0.43700787401574803,0.33070866141732286,0.2204724409448819,0.421259842519685,0.3110236220472441,0.2992125984251969,0.3700787401574803,0.468503937007874
0.3425196850393701,0.4921259842519685,0.30708661417322836,0.6732283464566929,0.46062992125984253,0.29133858267716534,0.43700787401574803,0.3228346456692913,0.2992125984251969,0.2677165354330709,0.43700787401574803,0.25984251968503935,0.23622047244094488,0.484251968503937,0.2874015748031496,0.20078740157480315,0.4094488188976378,0.5905511811023622
0.4251968503937008,0.41338582677165353,0.43700787401574803,0.6299212598425197,0.23622047244094488,0.31496062992125984,0.547244094488189,0.2952755905511811,0.30708661417322836,0.5275590551181102,0.7362204724409449,0.7244094488188977,0.14173228346456693,0.16535433070866143,0.44881889763779526,0.6141732283464567,0.38976377952755903,0.7204724409448819
0.41732283464566927,0.421259842519685,0.4566929133858268,0.6535433070866141,0.2283464566929134,0.30708661417322836,0.594488188976378,0.2952755905511811,0.2992125984251969,0.5433070866141733,0.7677165354330708,0.7362204724409449,0.12598425196850394,0.20866141732283464,0.4763779527559055,0.6181102362204725,0.3779527559055118,0.7086614173228346
0.562992125984252,0.562992125984252,0.30708661417322836,0.6614173228346457,0.6338582677165354,0.6496062992125984,0.484251968503937,0.6811023622047244,0.4763779527559055,0.4094488188976378,0.48031496062992124,0.7322834645669292,0.4094488188976378,0.46062992125984253,0.29133858267716534,0.7244094488188977,0.6456692913385826,0.5905511811023622
0.38188976377952755,0.5236220472440944,0.2755905511811024,0.6653543307086615,0.5196850393700787,0.4251968503937008,0.46062992125984253,0.2992125984251969,0.30708661417322836,0.3937007874015748,0.4881889763779528,0.2559055118110236,0.21653543307086615,0.468503937007874,0.30708661417322836,0.23228346456692914,0.3700787401574803,0.5905511811023622
0.3779527559055118,0.452755905511811,0.5748031496062992,0.5236220472440944,0.2283464566929134,0.3228346456692913,0.7007874015748031,0.6889763779527559,0.2874015748031496,0.2992125984251969,0.7244094488188977,0.7992125984251969,0.1732283464566929,0.468503937007874,0.5393700787401575,0.7362204724409449,0.3661417322834646,0.6968503937007874
0.35039370078740156,0.43700787401574803,0.5433070866141733,0.562992125984252,0.25196850393700787,0.30708661417322836,0.7440944881889764,0.6417322834645669,0.27165354330708663,0.2992125984251969,0.7992125984251969,0.7322834645669292,0.1377952755905512,0.452755905511811,0.5393700787401575,0.6692913385826772,0.2677165354330709,0.6929133858267716
0.35039370078740156,0.4448818897637795,0.531496062992126,0.547244094488189,0.25196850393700787,0.30708661417322836,0.7480314960629921,0.6417322834645669,0.2992125984251969,0.3031496062992126,0.8110236220472441,0.7204724409448819,0.15354330708661418,0.421259842519685,0.5078740157480315,0.6614173228346457,0.41338582677165353,0.6968503937007874
0.4094488188976378,0.41338582677165353,0.4330708661417323,0.6141732283464567,0.2283464566929134,0.3228346456692913,0.547244094488189,0.2992125984251969,0.2992125984251969,0.5433070866141733,0.7283464566929134,0.7204724409448819,0.14173228346456693,0.18503937007874016,0.4094488188976378,0.5590551181102362,0.4645669291338583,0.7559055118110236
0.37401574803149606,0.46062992125984253,0.5275590551181102,0.5590551181102362,0.2440944881889764,0.30708661417322836,0.7283464566929134,0.6614173228346457,0.28346456692913385,0.3110236220472441,0.7952755905511811,0.7440944881889764,0.12992125984251968,0.4251968503937008,0.5196850393700787,0.6653543307086615,0.4448818897637795,0.7204724409448819
0.38976377952755903,0.5039370078740157,0.2755905511811024,0.6811023622047244,0.4921259842519685,0.33858267716535434,0.49606299212598426,0.2795275590551181,0.3110236220472441,0.4409448818897638,0.5078740157480315,0.23622047244094488,0.1968503937007874,0.4881889763779528,0.29133858267716534,0.1732283464566929,0.38188976377952755,0.6732283464566929
0.41338582677165353,0.31496062992125984,0.4330708661417323,0.6377952755905512,0.24015748031496062,0.3110236220472441,0.6023622047244095,0.27165354330708663,0.3188976377952756,0.468503937007874,0.7637795275590551,0.7007874015748031,0.16535433070866143,0.15748031496062992,0.4015748031496063,0.547244094488189,0.5708661417322834,0.7755905511811023
0.38976377952755903,0.39763779527559057,0.4763779527559055,0.594488188976378,0.2637795275590551,0.3031496062992126,0.6181102362204725,0.3346456692913386,0.2795275590551181,0.4881889763779528,0.7677165354330708,0.7125984251968503,0.12598425196850394,0.23228346456692914,0.4330708661417323,0.6692913385826772,0.3464566929133858,0.6968503937007874
0.5984251968503937,0.547244094488189,0.3031496062992126,0.6181102362204725,0.6732283464566929,0.5236220472440944,0.452755905511811,0.7047244094488189,0.49606299212598426,0.4094488188976378,0.4645669291338583,0.7637795275590551,0.4763779527559055,0.468503937007874,0.2874015748031496,0.7401574803149606,0.562992125984252,0.6141732283464567
0.6771653543307087,0.547244094488189,0.3031496062992126,0.6811023622047244,0.6023622047244095,0.5787401574803149,0.5354330708661418,0.6771653543307087,0.4881889763779528,0.4330708661417323,0.5,0.7244094488188977,0.3700787401574803,0.484251968503937,0.2874015748031496,0.6968503937007874,0.5905511811023622,0.562992125984252
0.7834645669291339,0.6377952755905512,0.41732283464566927,0.65748031496063,0.6496062992125984,0.421259842519685,0.515748031496063,0.6968503937007874,0.49606299212598426,0.36220472440944884,0.484251968503937,0.7716535433070866,0.38976377952755903,0.421259842519685,0.3031496062992126,0.7480314960629921,0.547244094488189,0.6259842519685039
0.35826771653543305,0.4251968503937008,0.5078740157480315,0.5708661417322834,0.23622047244094488,0.3228346456692913,0.6850393700787402,0.6929133858267716,0.3228346456692913,0.3937007874015748,0.7362204724409449,0.7716535433070866,0.29133858267716534,0.4448818897637795,0.5275590551181102,0.7125984251968503,0.5275590551181102,0.6377952755905512
0.3543307086614173,0.4330708661417323,0.5078740157480315,0.5708661417322834,0.2677165354330709,0.30708661417322836,0.7322834645669292,0.65748031496063,0.2952755905511811,0.35826771653543305,0.8031496062992126,0.7440944881889764,0.15748031496062992,0.4409448818897638,0.5236220472440944,0.6692913385826772,0.3346456692913386,0.6929133858267716
0.6417322834645669,0.5905511811023622,0.32677165354330706,0.6141732283464567,0.6456692913385826,0.468503937007874,0.4645669291338583,0.6929133858267716,0.4448818897637795,0.4763779527559055,0.452755905511811,0.7519685039370079,0.40551181102362205,0.5039370078740157,0.2992125984251969,0.7401574803149606,0.43700787401574803,0.5866141732283464
0.6653543307086615,0.547244094488189,0.3110236220472441,0.6535433070866141,0.6338582677165354,0.3661417322834646,0.5,0.6732283464566929,0.4448818897637795,0.452755905511811,0.4763779527559055,0.7244094488188977,0.38976377952755903,0.484251968503937,0.29133858267716534,0.7125984251968503,0.6653543307086615,0.5669291338582677
0.42913385826771655,0.41338582677165353,0.4448818897637795,0.6141732283464567,0.23622047244094488,0.3110236220472441,0.5354330708661418,0.3031496062992126,0.30708661417322836,0.5039370078740157,0.6692913385826772,0.6929133858267716,0.15748031496062992,0.2440944881889764,0.3937007874015748,0.6062992125984252,0.3858267716535433,0.7086614173228346
0.6417322834645669,0.562992125984252,0.2952755905511811,0.6771653543307087,0.6338582677165354,0.3031496062992126,0.47244094488188976,0.6811023622047244,0.3779527559055118,0.421259842519685,0.4645669291338583,0.7283464566929134,0.39763779527559057,0.5118110236220472,0.29133858267716534,0.7401574803149606,0.38188976377952755,0.610236220472441
0.38188976377952755,0.43700787401574803,0.531496062992126,0.5236220472440944,0.2283464566929134,0.3110236220472441,0.7244094488188977,0.6771653543307087,0.27165354330708663,0.2677165354330709,0.7795275590551181,0.7283464566929134,0.15354330708661418,0.41732283464566927,0.5708661417322834,0.6732283464566929,0.2755905511811024,0.6850393700787402
0.3700787401574803,0.43700787401574803,0.5236220472440944,0.5354330708661418,0.2283464566929134,0.3110236220472441,0.7440944881889764,0.6456692913385826,0.2677165354330709,0.2283464566929134,0.7952755905511811,0.7283464566929134,0.13385826771653545,0.46062992125984253,0.5551181102362205,0.6614173228346457,0.3346456692913386,0.7125984251968503
0.7047244094488189,0.5787401574803149,0.37401574803149606,0.6259842519685039,0.6771653543307087,0.28346456692913385,0.44881889763779526,0.6968503937007874,0.4251968503937008,0.4094488188976378,0.44881889763779526,0.7755905511811023,0.41338582677165353,0.4763779527559055,0.2795275590551181,0.7637795275590551,0.4448818897637795,0.6259842519685039
0.46062992125984253,0.515748031496063,0.2755905511811024,0.6889763779527559,0.5511811023622047,0.007874015748031496,0.4921259842519685,0.3110236220472441,0.3110236220472441,0.44881889763779526,0.515748031496063,0.2559055118110236,0.2125984251968504,0.46062992125984253,0.2952755905511811,0.19291338582677164,0.38976377952755903,0.6692913385826772
0.40551181102362205,0.547244094488189,0.2677165354330709,0.6692913385826772,0.5275590551181102,0.1968503937007874,0.4921259842519685,0.2795275590551181,0.3031496062992126,0.47244094488188976,0.5,0.25196850393700787,0.1968503937007874,0.5078740157480315,0.2874015748031496,0.1732283464566929,0.38976377952755903,0.6692913385826772
0.36220472440944884,0.42913385826771655,0.5275590551181102,0.5511811023622047,0.2047244094488189,0.3188976377952756,0.7480314960629921,0.6653543307086615,0.25196850393700787,0.24803149606299213,0.8188976377952756,0.7047244094488189,0.13385826771653545,0.35039370078740156,0.515748031496063,0.5905511811023622,0.5236220472440944,0.7362204724409449
0.3543307086614173,0.42913385826771655,0.5433070866141733,0.5433070866141733,0.2125984251968504,0.3031496062992126,0.7519685039370079,0.6456692913385826,0.2559055118110236,0.23228346456692914,0.7992125984251969,0.7362204724409449,0.1377952755905512,0.44881889763779526,0.5393700787401575,0.6417322834645669,0.421259842519685,0.7165354330708661
0.5748031496062992,0.562992125984252,0.28346456692913385,0.6535433070866141,0.594488188976378,0.1141732283464567,0.49606299212598426,0.6653543307086615,0.42913385826771655,0.421259842519685,0.484251968503937,0.7007874015748031,0.41338582677165353,0.4881889763779528,0.2992125984251969,0.6968503937007874,0.5118110236220472,0.6417322834645669
0.421259842519685,0.5393700787401575,0.2559055118110236,0.7007874015748031,0.5039370078740157,0.35826771653543305,0.5,0.2952755905511811,0.30708661417322836,0.40551181102362205,0.5236220472440944,0.23622047244094488,0.2047244094488189,0.4566929133858268,0.29133858267716534,0.16141732283464566,0.4015748031496063,0.6653543307086615
0.37401574803149606,0.42913385826771655,0.4566929133858268,0.6062992125984252,0.25984251968503935,0.3110236220472441,0.5787401574803149,0.3188976377952756,0.29133858267716534,0.5787401574803149,0.7362204724409449,0.6929133858267716,0.13385826771653545,0.2047244094488189,0.4566929133858268,0.6062992125984252,0.3700787401574803,0.6968503937007874
0.37401574803149606,0.43700787401574803,0.5354330708661418,0.5590551181102362,0.2204724409448819,0.3110236220472441,0.7440944881889764,0.6614173228346457,0.2559055118110236,0.25196850393700787,0.8070866141732284,0.7401574803149606,0.11811023622047244,0.43700787401574803,0.5354330708661418,0.6496062992125984,0.4251968503937008,0.7047244094488189
0.39763779527559057,0.531496062992126,0.2755905511811024,0.6732283464566929,0.484251968503937,0.2874015748031496,0.49606299212598426,0.28346456692913385,0.2992125984251969,0.4251968503937008,0.5275590551181102,0.23228346456692914,0.2047244094488189,0.47244094488188976,0.2952755905511811,0.1732283464566929,0.3858267716535433,0.6692913385826772
0.32677165354330706,0.43700787401574803,0.5236220472440944,0.5669291338582677,0.21653543307086615,0.3110236220472441,0.7519685039370079,0.6377952755905512,0.25196850393700787,0.2125984251968504,0.8110236220472441,0.7401574803149606,0.4251968503937008,0.531496062992126,0.6259842519685039,0.5078740157480315,0.7401574803149606,0.10236220472440945
0.39763779527559057,0.42913385826771655,0.484251968503937,0.5826771653543307,0.24803149606299213,0.2952755905511811,0.5433070866141733,0.2795275590551181,0.3188976377952756,0.515748031496063,0.7480314960629921,0.7480314960629921,0.11811023622047244,0.15748031496062992,0.468503937007874,0.562992125984252,0.42913385826771655,0.7401574803149606
0.5905511811023622,0.5905511811023622,0.2992125984251969,0.65748031496063,0.594488188976378,0.1220472440944882,0.4921259842519685,0.6496062992125984,0.4094488188976378,0.4330708661417323,0.5,0.6968503937007874,0.41338582677165353,0.42913385826771655,0.2952755905511811,0.6614173228346457,0.5,0.6338582677165354
0.5984251968503937,0.5905511811023622,0.2992125984251969,0.6653543307086615,0.5866141732283464,0.12992125984251968,0.5078740157480315,0.6417322834645669,0.4094488188976378,0.4330708661417323,0.515748031496063,0.6811023622047244,0.40551181102362205,0.4448818897637795,0.2952755905511811,0.6456692913385826,0.5,0.6496062992125984
0.38976377952755903,0.3858267716535433,0.4251968503937008,0.6496062992125984,0.2440944881889764,0.29133858267716534,0.5984251968503937,0.3031496062992126,0.31496062992125984,0.5196850393700787,0.7440944881889764,0.7047244094488189,0.1377952755905512,0.2047244094488189,0.48031496062992124,0.6141732283464567,0.38976377952755903,0.7204724409448819
0.38976377952755903,0.3937007874015748,0.4251968503937008,0.6496062992125984,0.25196850393700787,0.28346456692913385,0.6062992125984252,0.3110236220472441,0.30708661417322836,0.5196850393700787,0.7440944881889764,0.7047244094488189,0.12992125984251968,0.2283464566929134,0.48031496062992124,0.6141732283464567,0.38976377952755903,0.7125984251968503
0.3779527559055118,0.4094488188976378,0.468503937007874,0.6023622047244095,0.2440944881889764,0.28346456692913385,0.5984251968503937,0.29133858267716534,0.31496062992125984,0.5039370078740157,0.7755905511811023,0.7007874015748031,0.11811023622047244,0.1732283464566929,0.452755905511811,0.6062992125984252,0.40551181102362205,0.6929133858267716
0.421259842519685,0.5,0.2795275590551181,0.6771653543307087,0.5039370078740157,0.32677165354330706,0.49606299212598426,0.2795275590551181,0.3031496062992126,0.41338582677165353,0.531496062992126,0.23228346456692914,0.20078740157480315,0.4921259842519685,0.3031496062992126,0.16929133858267717,0.38188976377952755,0.6692913385826772
0.3346456692913386,0.42913385826771655,0.5078740157480315,0.5826771653543307,0.22440944881889763,0.30708661417322836,0.7440944881889764,0.6141732283464567,0.2637795275590551,0.2559055118110236,0.8070866141732284,0.7204724409448819,0.1220472440944882,0.43700787401574803,0.5275590551181102,0.6220472440944882,0.47244094488188976,0.7362204724409449
0.5984251968503937,0.5984251968503937,0.30708661417322836,0.6850393700787402,0.6535433070866141,0.6299212598425197,0.5,0.6456692913385826,0.4330708661417323,0.41732283464566927,0.5078740157480315,0.7086614173228346,0.39763779527559057,0.4921259842519685,0.2874015748031496,0.6850393700787402,0.4448818897637795,0.6456692913385826
0.39763779527559057,0.5118110236220472,0.25984251968503935,0.7165354330708661,0.5039370078740157,0.3464566929133858,0.48031496062992124,0.2952755905511811,0.31496062992125984,0.3228346456692913,0.515748031496063,0.24803149606299213,0.2047244094488189,0.4566929133858268,0.2952755905511811,0.16141732283464566,0.39763779527559057,0.6377952755905512
0.40551181102362205,0.2755905511811024,0.38976377952755903,0.6889763779527559,0.25196850393700787,0.3188976377952756,0.6220472440944882,0.3031496062992126,0.31496062992125984,0.4881889763779528,0.7559055118110236,0.7244094488188977,0.10236220472440945,0.20866141732283464,0.452755905511811,0.6377952755905512,0.531496062992126,0.7559055118110236
0.35039370078740156,0.41732283464566927,0.5393700787401575,0.5354330708661418,0.2047244094488189,0.3228346456692913,0.7401574803149606,0.65748031496063,0.25984251968503935,0.23228346456692914,0.8070866141732284,0.7047244094488189,0.12992125984251968,0.3425196850393701,0.5433070866141733,0.6259842519685039,0.40551181102362205,0.7165354330708661
0.40551181102362205,0.5236220472440944,0.28346456692913385,0.65748031496063,0.5,0.28346456692913385,0.48031496062992124,0.3031496062992126,0.3031496062992126,0.41338582677165353,0.5236220472440944,0.25196850393700787,0.2047244094488189,0.4409448818897638,0.2992125984251969,0.18503937007874016,0.38188976377952755,0.6732283464566929
0.3543307086614173,0.43700787401574803,0.5354330708661418,0.547244094488189,0.21653543307086615,0.31496062992125984,0.7440944881889764,0.6456692913385826,0.24803149606299213,0.2125984251968504,0.8031496062992126,0.7283464566929134,0.1220472440944882,0.4409448818897638,0.5511811023622047,0.6417322834645669,0.4409448818897638,0.7362204724409449
0.42913385826771655,0.38976377952755903,0.452755905511811,0.6181102362204725,0.2559055118110236,0.30708661417322836,0.5748031496062992,0.3031496062992126,0.3110236220472441,0.5118110236220472,0.7362204724409449,0.7204724409448819,0.12992125984251968,0.21653543307086615,0.4566929133858268,0.594488188976378,0.4251968503937008,0.7519685039370079
0.4409448818897638,0.36220472440944884,0.452755905511811,0.594488188976378,0.23228346456692914,0.30708661417322836,0.5551181102362205,0.27165354330708663,0.30708661417322836,0.4921259842519685,0.7637795275590551,0.6889763779527559,0.12992125984251968,0.10236220472440945,0.42913385826771655,0.6181102362204725,0.40551181102362205,0.6732283464566929
0.3700787401574803,0.42913385826771655,0.5433070866141733,0.531496062992126,0.2440944881889764,0.30708661417322836,0.7322834645669292,0.6456692913385826,0.28346456692913385,0.21653543307086615,0.8031496062992126,0.7204724409448819,0.1377952755905512,0.4330708661417323,0.5078740157480315,0.610236220472441,0.5078740157480315,0.7047244094488189
0.39763779527559057,0.4251968503937008,0.2952755905511811,0.65748031496063,0.4921259842519685,0.32677165354330706,0.5236220472440944,0.29133858267716534,0.29133858267716534,0.484251968503937,0.547244094488189,0.24015748031496062,0.19291338582677164,0.49606299212598426,0.28346456692913385,0.21653543307086615,0.38188976377952755,0.7125984251968503
0.46062992125984253,0.5,0.2559055118110236,0.6692913385826772,0.5905511811023622,0.33070866141732286,0.5236220472440944,0.6259842519685039,0.4094488188976378,0.40551181102362205,0.5196850393700787,0.6456692913385826,0.42913385826771655,0.4566929133858268,0.2992125984251969,0.594488188976378,0.5393700787401575,0.6023622047244095
0.46062992125984253,0.5,0.2637795275590551,0.6771653543307087,0.5905511811023622,0.33070866141732286,0.531496062992126,0.6181102362204725,0.3937007874015748,0.39763779527559057,0.5275590551181102,0.6377952755905512,0.421259842519685,0.47244094488188976,0.2992125984251969,0.5787401574803149,0.5236220472440944,0.6181102362204725
0.38976377952755903,0.3937007874015748,0.452755905511811,0.594488188976378,0.21653543307086615,0.3110236220472441,0.5590551181102362,0.2952755905511811,0.3031496062992126,0.5275590551181102,0.7007874015748031,0.6811023622047244,0.16141732283464566,0.22440944881889763,0.41338582677165353,0.610236220472441,0.38976377952755903,0.7125984251968503
0.40551181102362205,0.3937007874015748,0.47244094488188976,0.5905511811023622,0.23228346456692914,0.3031496062992126,0.5669291338582677,0.28346456692913385,0.3110236220472441,0.48031496062992124,0.7559055118110236,0.6968503937007874,0.13385826771653545,0.16535433070866143,0.4409448818897638,0.6220472440944882,0.33858267716535434,0.6692913385826772
0.35826771653543305,0.4330708661417323,0.531496062992126,0.5354330708661418,0.21653543307086615,0.3110236220472441,0.7362204724409449,0.6535433070866141,0.2559055118110236,0.19291338582677164,0.7913385826771654,0.7322834645669292,0.14566929133858267,0.5,0.515748031496063,0.6535433070866141,0.3858267716535433,0.6929133858267716
0.41338582677165353,0.515748031496063,0.2795275590551181,0.6771653543307087,0.4881889763779528,0.2952755905511811,0.5039370078740157,0.28346456692913385,0.2952755905511811,0.4448818897637795,0.531496062992126,0.23622047244094488,0.20078740157480315,0.484251968503937,0.29133858267716534,0.19291338582677164,0.3858267716535433,0.6732283464566929
0.3858267716535433,0.3661417322834646,0.41732283464566927,0.6614173228346457,0.2440944881889764,0.30708661417322836,0.610236220472441,0.2992125984251969,0.3031496062992126,0.5,0.7519685039370079,0.6732283464566929,0.14566929133858267,0.2047244094488189,0.4330708661417323,0.531496062992126,0.5,0.7598425196850394
0.4094488188976378,0.46062992125984253,0.29133858267716534,0.6614173228346457,0.5078740157480315,0.33070866141732286,0.5,0.28346456692913385,0.2874015748031496,0.4094488188976378,0.5236220472440944,0.2440944881889764,0.21653543307086615,0.4645669291338583,0.30708661417322836,0.2283464566929134,0.3661417322834646,0.6141732283464567
0.3937007874015748,0.2874015748031496,0.4251968503937008,0.6614173228346457,0.24803149606299213,0.2952755905511811,0.6023622047244095,0.28346456692913385,0.2952755905511811,0.5118110236220472,0.7519685039370079,0.6889763779527559,0.1377952755905512,0.24803149606299213,0.46062992125984253,0.5708661417322834,0.4330708661417323,0.7401574803149606
0.3858267716535433,0.35826771653543305,0.468503937007874,0.6141732283464567,0.2637795275590551,0.2952755905511811,0.594488188976378,0.2992125984251969,0.2952755905511811,0.5039370078740157,0.7559055118110236,0.7007874015748031,0.12598425196850394,0.2283464566929134,0.468503937007874,0.610236220472441,0.3700787401574803,0.7007874015748031
0.41732283464566927,0.4921259842519685,0.2952755905511811,0.6692913385826772,0.5,0.3031496062992126,0.49606299212598426,0.28346456692913385,0.2952755905511811,0.4448818897637795,0.5236220472440944,0.25196850393700787,0.21653543307086615,0.5078740157480315,0.30708661417322836,0.1889763779527559,0.3858267716535433,0.6377952755905512
0.3858267716535433,0.5354330708661418,0.28346456692913385,0.7125984251968503,0.48031496062992124,0.27165354330708663,0.4645669291338583,0.2992125984251969,0.2874015748031496,0.35826771653543305,0.4881889763779528,0.29133858267716534,0.20866141732283464,0.4330708661417323,0.31496062992125984,0.25984251968503935,0.3543307086614173,0.5196850393700787
0.3858267716535433,0.5551181102362205,0.25196850393700787,0.6889763779527559,0.5118110236220472,0.38976377952755903,0.4921259842519685,0.2795275590551181,0.2874015748031496,0.4409448818897638,0.5236220472440944,0.24015748031496062,0.2125984251968504,0.48031496062992124,0.29133858267716534,0.20078740157480315,0.3700787401574803,0.6456692913385826
0.6181102362204725,0.5826771653543307,0.3779527559055118,0.5905511811023622,0.7007874015748031,0.39763779527559057,0.43700787401574803,0.7047244094488189,0.5669291338582677,0.4330708661417323,0.43700787401574803,0.8110236220472441,0.5826771653543307,0.4763779527559055,0.29133858267716534,0.7992125984251969,0.5826771653543307,0.5905511811023622
0.42913385826771655,0.3188976377952756,0.4015748031496063,0.6692913385826772,0.24803149606299213,0.31496062992125984,0.6062992125984252,0.3110236220472441,0.2952755905511811,0.5118110236220472,0.7559055118110236,0.7007874015748031,0.13385826771653545,0.2204724409448819,0.47244094488188976,0.594488188976378,0.4409448818897638,0.7165354330708661
0.49606299212598426,0.531496062992126,0.28346456692913385,0.6377952755905512,0.5866141732283464,0.6259842519685039,0.4921259842519685,0.6299212598425197,0.5275590551181102,0.4015748031496063,0.5039370078740157,0.6968503937007874,0.4645669291338583,0.4015748031496063,0.2952755905511811,0.6535433070866141,0.5039370078740157,0.6023622047244095
0.5866141732283464,0.6181102362204725,0.29133858267716534,0.6338582677165354,0.6141732283464567,0.14173228346456693,0.5078740157480315,0.6653543307086615,0.38188976377952755,0.4251968503937008,0.484251968503937,0.7165354330708661,0.38976377952755903,0.47244094488188976,0.2952755905511811,0.7204724409448819,0.6377952755905512,0.5275590551181102
0.3779527559055118,0.32677165354330706,0.4409448818897638,0.6417322834645669,0.23228346456692914,0.30708661417322836,0.5708661417322834,0.3425196850393701,0.2952755905511811,0.4881889763779528,0.6811023622047244,0.7086614173228346,0.1377952755905512,0.2795275590551181,0.4409448818897638,0.6692913385826772,0.3937007874015748,0.6968503937007874
0.6023622047244095,0.5590551181102362,0.32677165354330706,0.610236220472441,0.6732283464566929,0.5748031496062992,0.4330708661417323,0.6889763779527559,0.484251968503937,0.3700787401574803,0.4645669291338583,0.7755905511811023,0.515748031496063,0.4330708661417323,0.28346456692913385,0.7440944881889764,0.5787401574803149,0.5866141732283464
0.6023622047244095,0.5748031496062992,0.3031496062992126,0.6299212598425197,0.6259842519685039,0.20866141732283464,0.48031496062992124,0.6614173228346457,0.4015748031496063,0.4251968503937008,0.48031496062992124,0.7283464566929134,0.3661417322834646,0.48031496062992124,0.28346456692913385,0.7125984251968503,0.4448818897637795,0.5590551181102362
0.5866141732283464,0.5669291338582677,0.3110236220472441,0.6299212598425197,0.6299212598425197,0.12992125984251968,0.484251968503937,0.6692913385826772,0.39763779527559057,0.4251968503937008,0.47244094488188976,0.7204724409448819,0.36220472440944884,0.484251968503937,0.29133858267716534,0.7244094488188977,0.5984251968503937,0.5433070866141733
0.38976377952755903,0.531496062992126,0.29133858267716534,0.6614173228346457,0.515748031496063,0.3188976377952756,0.47244094488188976,0.2874015748031496,0.29133858267716534,0.4330708661417323,0.4881889763779528,0.2677165354330709,0.19291338582677164,0.4921259842519685,0.2992125984251969,0.2047244094488189,0.3779527559055118,0.6377952755905512
0.41338582677165353,0.36220472440944884,0.4330708661417323,0.6614173228346457,0.21653543307086615,0.3228346456692913,0.594488188976378,0.2755905511811024,0.31496062992125984,0.5196850393700787,0.7519685039370079,0.7283464566929134,0.1220472440944882,0.1968503937007874,0.47244094488188976,0.6338582677165354,0.5787401574803149,0.7440944881889764
0.3937007874015748,0.4330708661417323,0.5354330708661418,0.5590551181102362,0.2047244094488189,0.31496062992125984,0.7440944881889764,0.6496062992125984,0.25196850393700787,0.2204724409448819,0.7992125984251969,0.7440944881889764,0.1220472440944882,0.4330708661417323,0.5,0.6417322834645669,0.6141732283464567,0.7322834645669292
0.38976377952755903,0.5433070866141733,0.27165354330708663,0.6732283464566929,0.4763779527559055,0.28346456692913385,0.5,0.2952755905511811,0.2992125984251969,0.41338582677165353,0.531496062992126,0.25196850393700787,0.20866141732283464,0.46062992125984253,0.2952755905511811,0.2440944881889764,0.37401574803149606,0.6181102362204725
0.39763779527559057,0.3937007874015748,0.421259842519685,0.6062992125984252,0.2795275590551181,0.31496062992125984,0.5826771653543307,0.3031496062992126,0.30708661417322836,0.5,0.7244094488188977,0.6889763779527559,0.1377952755905512,0.20078740157480315,0.42913385826771655,0.6653543307086615,0.27165354330708663,0.6850393700787402
0.41338582677165353,0.4094488188976378,0.41338582677165353,0.6141732283464567,0.2874015748031496,0.30708661417322836,0.5984251968503937,0.3110236220472441,0.2992125984251969,0.5,0.7244094488188977,0.6968503937007874,0.1377952755905512,0.24015748031496062,0.43700787401574803,0.65748031496063,0.2795275590551181,0.6771653543307087
0.38976377952755903,0.3700787401574803,0.452755905511811,0.6417322834645669,0.2283464566929134,0.2992125984251969,0.610236220472441,0.27165354330708663,0.3228346456692913,0.4645669291338583,0.7677165354330708,0.7007874015748031,0.12992125984251968,0.17716535433070865,0.44881889763779526,0.6141732283464567,0.4330708661417323,0.7362204724409449
0.38976377952755903,0.4015748031496063,0.43700787401574803,0.6299212598425197,0.2283464566929134,0.2992125984251969,0.6141732283464567,0.2795275590551181,0.30708661417322836,0.5,0.7637795275590551,0.7125984251968503,0.12992125984251968,0.20078740157480315,0.47244094488188976,0.6259842519685039,0.3700787401574803,0.7047244094488189
0.38188976377952755,0.5393700787401575,0.25984251968503935,0.6889763779527559,0.484251968503937,0.32677165354330706,0.5078740157480315,0.2874015748031496,0.2992125984251969,0.46062992125984253,0.5354330708661418,0.2283464566929134,0.20866141732283464,0.5039370078740157,0.28346456692913385,0.1732283464566929,0.3937007874015748,0.6889763779527559
0.40551181102362205,0.35826771653543305,0.4251968503937008,0.610236220472441,0.2637795275590551,0.2952755905511811,0.5905511811023622,0.3110236220472441,0.2992125984251969,0.4645669291338583,0.7244094488188977,0.7086614173228346,0.11023622047244094,0.20078740157480315,0.4409448818897638,0.6338582677165354,0.4448818897637795,0.7480314960629921
0.4015748031496063,0.42913385826771655,0.5905511811023622,0.515748031496063,0.1968503937007874,0.3188976377952756,0.7204724409448819,0.6929133858267716,0.3188976377952756,0.2283464566929134,0.7677165354330708,0.7440944881889764,0.2440944881889764,0.4448818897637795,0.5,0.6968503937007874,0.4015748031496063,0.6968503937007874
0.44881889763779526,0.5748031496062992,0.27165354330708663,0.65748031496063,0.5275590551181102,0.20866141732283464,0.5078740157480315,0.27165354330708663,0.2992125984251969,0.484251968503937,0.5393700787401575,0.24803149606299213,0.20866141732283464,0.4881889763779528,0.28346456692913385,0.17716535433070865,0.3937007874015748,0.6771653543307087
0.36220472440944884,0.4330708661417323,0.5078740157480315,0.5984251968503937,0.24803149606299213,0.2992125984251969,0.7204724409448819,0.6811023622047244,0.30708661417322836,0.3188976377952756,0.7637795275590551,0.7440944881889764,0.2047244094488189,0.4763779527559055,0.5354330708661418,0.7047244094488189,0.33070866141732286,0.6850393700787402
0.6889763779527559,0.6220472440944882,0.4094488188976378,0.5866141732283464,0.6653543307086615,0.2755905511811024,0.44881889763779526,0.7007874015748031,0.41732283464566927,0.42913385826771655,0.4645669291338583,0.7992125984251969,0.3937007874015748,0.46062992125984253,0.28346456692913385,0.7834645669291339,0.484251968503937,0.6377952755905512
0.5,0.610236220472441,0.3464566929133858,0.6377952755905512,0.547244094488189,0.2992125984251969,0.468503937007874,0.27165354330708663,0.2992125984251969,0.31496062992125984,0.48031496062992124,0.2755905511811024,0.17716535433070865,0.4921259842519685,0.2755905511811024,0.16535433070866143,0.4094488188976378,0.6377952755905512
0.6889763779527559,0.594488188976378,0.4330708661417323,0.5826771653543307,0.6771653543307087,0.3346456692913386,0.4448818897637795,0.6929133858267716,0.41732283464566927,0.4448818897637795,0.43700787401574803,0.7716535433070866,0.38976377952755903,0.468503937007874,0.2992125984251969,0.7637795275590551,0.43700787401574803,0.6220472440944882
0.4409448818897638,0.5118110236220472,0.6062992125984252,0.594488188976378,0.29133858267716534,0.2952755905511811,0.6850393700787402,0.6850393700787402,0.3543307086614173,0.4330708661417323,0.7125984251968503,0.7795275590551181,0.30708661417322836,0.468503937007874,0.5551181102362205,0.6850393700787402,0.40551181102362205,0.6811023622047244
0.40551181102362205,0.48031496062992124,0.5393700787401575,0.5984251968503937,0.28346456692913385,0.2874015748031496,0.7165354330708661,0.6535433070866141,0.27165354330708663,0.3700787401574803,0.7480314960629921,0.7559055118110236,0.15748031496062992,0.4566929133858268,0.5590551181102362,0.6732283464566929,0.3464566929133858,0.7007874015748031
0.4921259842519685,0.5275590551181102,0.31496062992125984,0.6377952755905512,0.5433070866141733,0.2755905511811024,0.4409448818897638,0.32677165354330706,0.3031496062992126,0.3543307086614173,0.4645669291338583,0.2992125984251969,0.2440944881889764,0.4330708661417323,0.30708661417322836,0.25196850393700787,0.3700787401574803,0.5669291338582677
0.452755905511811,0.5118110236220472,0.29133858267716534,0.6377952755905512,0.5354330708661418,0.29133858267716534,0.4645669291338583,0.30708661417322836,0.3031496062992126,0.33070866141732286,0.4881889763779528,0.2755905511811024,0.2125984251968504,0.4409448818897638,0.28346456692913385,0.1889763779527559,0.3937007874015748,0.6220472440944882
0.38188976377952755,0.4409448818897638,0.49606299212598426,0.5984251968503937,0.25196850393700787,0.2992125984251969,0.7440944881889764,0.5984251968503937,0.3031496062992126,0.2874015748031496,0.8149606299212598,0.7244094488188977,0.11811023622047244,0.4094488188976378,0.5196850393700787,0.5826771653543307,0.531496062992126,0.7283464566929134
0.41338582677165353,0.5433070866141733,0.3031496062992126,0.65748031496063,0.5078740157480315,0.29133858267716534,0.47244094488188976,0.3188976377952756,0.2992125984251969,0.3425196850393701,0.4921259842519685,0.28346456692913385,0.21653543307086615,0.4409448818897638,0.3110236220472441,0.2677165354330709,0.3661417322834646,0.5866141732283464
0.6141732283464567,0.5826771653543307,0.3425196850393701,0.5787401574803149,0.7007874015748031,0.24803149606299213,0.42913385826771655,0.7204724409448819,0.42913385826771655,0.37401574803149606,0.43700787401574803,0.7952755905511811,0.43700787401574803,0.48031496062992124,0.2952755905511811,0.7992125984251969,0.5039370078740157,0.6023622047244095
0.40551181102362205,0.38976377952755903,0.43700787401574803,0.6338582677165354,0.24015748031496062,0.31496062992125984,0.5866141732283464,0.30708661417322836,0.3228346456692913,0.5433070866141733,0.7086614173228346,0.7322834645669292,0.16141732283464566,0.21653543307086615,0.4921259842519685,0.6653543307086615,0.4645669291338583,0.6968503937007874
0.421259842519685,0.41338582677165353,0.43700787401574803,0.6338582677165354,0.2440944881889764,0.30708661417322836,0.5866141732283464,0.3110236220472441,0.30708661417322836,0.5275590551181102,0.7322834645669292,0.7165354330708661,0.15748031496062992,0.25196850393700787,0.5,0.594488188976378,0.41732283464566927,0.7204724409448819
0.4409448818897638,0.5,0.2952755905511811,0.6456692913385826,0.531496062992126,0.33858267716535434,0.48031496062992124,0.3110236220472441,0.29133858267716534,0.4566929133858268,0.5078740157480315,0.2795275590551181,0.2204724409448819,0.4566929133858268,0.30708661417322836,0.2637795275590551,0.36220472440944884,0.6220472440944882
0.4015748031496063,0.35826771653543305,0.44881889763779526,0.6299212598425197,0.24803149606299213,0.30708661417322836,0.5905511811023622,0.2755905511811024,0.31496062992125984,0.49606299212598426,0.7440944881889764,0.7086614173228346,0.13385826771653545,0.19291338582677164,0.5,0.6259842519685039,0.3700787401574803,0.7165354330708661
0.4251968503937008,0.5236220472440944,0.2755905511811024,0.6771653543307087,0.4921259842519685,0.2795275590551181,0.48031496062992124,0.3031496062992126,0.2992125984251969,0.3464566929133858,0.515748031496063,0.2795275590551181,0.23622047244094488,0.4015748031496063,0.31496062992125984,0.2283464566929134,0.3700787401574803,0.5787401574803149
0.5708661417322834,0.5511811023622047,0.30708661417322836,0.562992125984252,0.6653543307086615,0.31496062992125984,0.4094488188976378,0.7047244094488189,0.47244094488188976,0.3937007874015748,0.43700787401574803,0.7755905511811023,0.4448818897637795,0.4409448818897638,0.3031496062992126,0.7362204724409449,0.4921259842519685,0.5669291338582677
0.3700787401574803,0.33858267716535434,0.4409448818897638,0.6377952755905512,0.25196850393700787,0.3346456692913386,0.5708661417322834,0.32677165354330706,0.3110236220472441,0.5196850393700787,0.6614173228346457,0.6889763779527559,0.2047244094488189,0.33070866141732286,0.4015748031496063,0.6456692913385826,0.38188976377952755,0.7204724409448819
0.421259842519685,0.4015748031496063,0.48031496062992124,0.594488188976378,0.2559055118110236,0.3031496062992126,0.5708661417322834,0.28346456692913385,0.3188976377952756,0.484251968503937,0.6968503937007874,0.7125984251968503,0.18110236220472442,0.2874015748031496,0.452755905511811,0.6299212598425197,0.37401574803149606,0.7125984251968503
0.41338582677165353,0.3464566929133858,0.4330708661417323,0.6338582677165354,0.2795275590551181,0.2952755905511811,0.610236220472441,0.30708661417322836,0.3031496062992126,0.484251968503937,0.7598425196850394,0.7007874015748031,0.13385826771653545,0.22440944881889763,0.48031496062992124,0.6299212598425197,0.3661417322834646,0.7283464566929134
0.421259842519685,0.3700787401574803,0.4094488188976378,0.6496062992125984,0.24803149606299213,0.3031496062992126,0.5984251968503937,0.2952755905511811,0.3188976377952756,0.5,0.7440944881889764,0.6850393700787402,0.14173228346456693,0.21653543307086615,0.46062992125984253,0.5984251968503937,0.3661417322834646,0.7322834645669292
0.40551181102362205,0.2992125984251969,0.4330708661417323,0.6535433070866141,0.2440944881889764,0.3031496062992126,0.594488188976378,0.29133858267716534,0.3188976377952756,0.484251968503937,0.7401574803149606,0.7007874015748031,0.1220472440944882,0.1889763779527559,0.484251968503937,0.6456692913385826,0.3425196850393701,0.7244094488188977
0.37401574803149606,0.44881889763779526,0.5118110236220472,0.547244094488189,0.2283464566929134,0.31496062992125984,0.7244094488188977,0.6338582677165354,0.2795275590551181,0.24015748031496062,0.7992125984251969,0.7204724409448819,0.0984251968503937,0.4094488188976378,0.5393700787401575,0.610236220472441,0.46062992125984253,0.7244094488188977
0.38976377952755903,0.515748031496063,0.27165354330708663,0.65748031496063,0.531496062992126,0.2559055118110236,0.4921259842519685,0.2874015748031496,0.2952755905511811,0.452755905511811,0.5275590551181102,0.25196850393700787,0.20078740157480315,0.47244094488188976,0.2952755905511811,0.21653543307086615,0.38188976377952755,0.6811023622047244
0.33070866141732286,0.40551181102362205,0.5039370078740157,0.5826771653543307,0.2125984251968504,0.31496062992125984,0.7362204724409449,0.6456692913385826,0.2677165354330709,0.2559055118110236,0.8070866141732284,0.7244094488188977,0.0984251968503937,0.41732283464566927,0.5196850393700787,0.5787401574803149,0.49606299212598426,0.7362204724409449
0.6653543307086615,0.5984251968503937,0.40551181102362205,0.5866141732283464,0.6850393700787402,0.6220472440944882,0.42913385826771655,0.6968503937007874,0.5393700787401575,0.3858267716535433,0.4330708661417323,0.7913385826771654,0.5196850393700787,0.4448818897637795,0.2952755905511811,0.7637795275590551,0.5039370078740157,0.5787401574803149
0.4015748031496063,0.5275590551181102,0.2637795275590551,0.6692913385826772,0.5078740157480315,0.3188976377952756,0.4763779527559055,0.2952755905511811,0.3110236220472441,0.3464566929133858,0.5078740157480315,0.25196850393700787,0.22440944881889763,0.452755905511811,0.2795275590551181,0.1732283464566929,0.42913385826771655,0.6535433070866141
0.5826771653543307,0.5590551181102362,0.32677165354330706,0.610236220472441,0.6968503937007874,0.5551181102362205,0.4448818897637795,0.7165354330708661,0.547244094488189,0.3700787401574803,0.452755905511811,0.7834645669291339,0.4881889763779528,0.46062992125984253,0.2952755905511811,0.8031496062992126,0.6181102362204725,0.5787401574803149
0.43700787401574803,0.4409448818897638,0.484251968503937,0.562992125984252,0.23622047244094488,0.3464566929133858,0.452755905511811,0.3346456692913386,0.3110236220472441,0.484251968503937,0.5748031496062992,0.7007874015748031,0.17716535433070865,0.2755905511811024,0.3779527559055118,0.6377952755905512,0.3858267716535433,0.7007874015748031
0.38188976377952755,0.4409448818897638,0.5354330708661418,0.547244094488189,0.23228346456692914,0.3346456692913386,0.7362204724409449,0.6299212598425197,0.2559055118110236,0.1968503937007874,0.7795275590551181,0.7440944881889764,0.1141732283464567,0.4763779527559055,0.562992125984252,0.65748031496063,0.3661417322834646,0.6968503937007874
0.44881889763779526,0.5275590551181102,0.30708661417322836,0.6338582677165354,0.5433070866141733,0.32677165354330706,0.4409448818897638,0.31496062992125984,0.3031496062992126,0.3228346456692913,0.46062992125984253,0.2952755905511811,0.23228346456692914,0.4448818897637795,0.2992125984251969,0.2559055118110236,0.38188976377952755,0.5866141732283464
0.37401574803149606,0.4330708661417323,0.468503937007874,0.6023622047244095,0.22440944881889763,0.3228346456692913,0.7322834645669292,0.6417322834645669,0.2677165354330709,0.25196850393700787,0.7913385826771654,0.7204724409448819,0.11023622047244094,0.44881889763779526,0.5551181102362205,0.6141732283464567,0.4251968503937008,0.7244094488188977
0.452755905511811,0.5354330708661418,0.2874015748031496,0.6496062992125984,0.5275590551181102,0.2952755905511811,0.46062992125984253,0.2992125984251969,0.30708661417322836,0.30708661417322836,0.484251968503937,0.2677165354330709,0.22440944881889763,0.4330708661417323,0.2992125984251969,0.20078740157480315,0.41732283464566927,0.6062992125984252
0.6259842519685039,0.5866141732283464,0.35826771653543305,0.5787401574803149,0.7047244094488189,0.3779527559055118,0.42913385826771655,0.6968503937007874,0.4566929133858268,0.4015748031496063,0.4330708661417323,0.7716535433070866,0.3937007874015748,0.4881889763779528,0.29133858267716534,0.7677165354330708,0.5590551181102362,0.6220472440944882
0.3858267716535433,0.42913385826771655,0.4763779527559055,0.594488188976378,0.24015748031496062,0.33070866141732286,0.547244094488189,0.31496062992125984,0.30708661417322836,0.5787401574803149,0.6968503937007874,0.7362204724409449,0.15354330708661418,0.2204724409448819,0.49606299212598426,0.6377952755905512,0.35826771653543305,0.6732283464566929
0.3661417322834646,0.43700787401574803,0.4921259842519685,0.5826771653543307,0.2559055118110236,0.31496062992125984,0.7362204724409449,0.6535433070866141,0.2677165354330709,0.28346456692913385,0.7834645669291339,0.7362204724409449,0.1062992125984252,0.452755905511811,0.5787401574803149,0.6377952755905512,0.39763779527559057,0.6929133858267716
0.6299212598425197,0.5787401574803149,0.3228346456692913,0.6417322834645669,0.5866141732283464,0.32677165354330706,0.4921259842519685,0.6535433070866141,0.41732283464566927,0.41732283464566927,0.5078740157480315,0.7086614173228346,0.3779527559055118,0.47244094488188976,0.3031496062992126,0.6929133858267716,0.5078740157480315,0.594488188976378
0.35826771653543305,0.4921259842519685,0.2952755905511811,0.6614173228346457,0.49606299212598426,0.31496062992125984,0.4645669291338583,0.3031496062992126,0.31496062992125984,0.30708661417322836,0.4921259842519685,0.2755905511811024,0.2125984251968504,0.42913385826771655,0.2992125984251969,0.20866141732283464,0.38188976377952755,0.5866141732283464
0.7362204724409449,0.6259842519685039,0.36220472440944884,0.6732283464566929,0.6062992125984252,0.33070866141732286,0.5078740157480315,0.6653543307086615,0.4015748031496063,0.42913385826771655,0.5196850393700787,0.7480314960629921,0.36220472440944884,0.42913385826771655,0.3228346456692913,0.7322834645669292,0.4409448818897638,0.6299212598425197
0.7362204724409449,0.6181102362204725,0.3425196850393701,0.6811023622047244,0.6181102362204725,0.33070866141732286,0.5118110236220472,0.6771653543307087,0.4566929133858268,0.41338582677165353,0.4881889763779528,0.7440944881889764,0.43700787401574803,0.46062992125984253,0.2992125984251969,0.7440944881889764,0.6141732283464567,0.5984251968503937
0.40551181102362205,0.5275590551181102,0.2677165354330709,0.6732283464566929,0.5118110236220472,0.2952755905511811,0.47244094488188976,0.3031496062992126,0.2992125984251969,0.25196850393700787,0.484251968503937,0.25196850393700787,0.19291338582677164,0.468503937007874,0.2755905511811024,0.2125984251968504,0.33070866141732286,0.6535433070866141
0.35826771653543305,0.5039370078740157,0.2992125984251969,0.6338582677165354,0.5275590551181102,0.2952755905511811,0.47244094488188976,0.29133858267716534,0.29133858267716534,0.4251968503937008,0.468503937007874,0.2559055118110236,0.17716535433070865,0.484251968503937,0.25984251968503935,0.16929133858267717,0.3464566929133858,0.6141732283464567
0.37401574803149606,0.49606299212598426,0.2992125984251969,0.6338582677165354,0.5433070866141733,0.24803149606299213,0.4645669291338583,0.29133858267716534,0.29133858267716534,0.4015748031496063,0.4645669291338583,0.2559055118110236,0.1732283464566929,0.484251968503937,0.2677165354330709,0.17716535433070865,0.3543307086614173,0.6259842519685039
0.35826771653543305,0.5590551181102362,0.29133858267716534,0.6496062992125984,0.5590551181102362,0.3188976377952756,0.4566929133858268,0.2992125984251969,0.29133858267716534,0.48031496062992124,0.4566929133858268,0.2795275590551181,0.18110236220472442,0.484251968503937,0.28346456692913385,0.2283464566929134,0.31496062992125984,0.6023622047244095
0.35039370078740156,0.547244094488189,0.2677165354330709,0.6850393700787402,0.49606299212598426,0.3031496062992126,0.468503937007874,0.3031496062992126,0.29133858267716534,0.3661417322834646,0.4645669291338583,0.2559055118110236,0.1889763779527559,0.468503937007874,0.28346456692913385,0.1968503937007874,0.3228346456692913,0.5748031496062992
0.3425196850393701,0.452755905511811,0.484251968503937,0.6023622047244095,0.2204724409448819,0.3110236220472441,0.7637795275590551,0.6377952755905512,0.2677165354330709,0.2755905511811024,0.8110236220472441,0.7480314960629921,0.09055118110236221,0.44881889763779526,0.515748031496063,0.594488188976378,0.5905511811023622,0.7125984251968503
