0.4094488188976378,0.42913385826771655,0.4330708661417323,0.4881889763779528,0.3031496062992126,0.2874015748031496,0.5,0.6299212598425197,0.2559055118110236,0.4094488188976378,0.5039370078740157,0.7007874015748031,0.2204724409448819,0.4448818897637795,0.33858267716535434,0.5708661417322834,0.47244094488188976,0.5669291338582677
0.3779527559055118,0.421259842519685,0.5,0.47244094488188976,0.2047244094488189,0.3110236220472441,0.547244094488189,0.3110236220472441,0.2874015748031496,0.27165354330708663,0.6456692913385826,0.7834645669291339,0.14173228346456693,0.32677165354330706,0.4015748031496063,0.6259842519685039,0.4409448818897638,0.5905511811023622
0.23228346456692914,0.35826771653543305,0.6141732283464567,0.421259842519685,0.22440944881889763,0.32677165354330706,0.6299212598425197,0.7559055118110236,0.37401574803149606,0.25196850393700787,0.6771653543307087,0.84251968503937,0.38188976377952755,0.39763779527559057,0.41732283464566927,0.5866141732283464,0.5590551181102362,0.5669291338582677
0.2795275590551181,0.3661417322834646,0.5669291338582677,0.43700787401574803,0.24015748031496062,0.3110236220472441,0.547244094488189,0.7559055118110236,0.42913385826771655,0.3700787401574803,0.5433070866141733,0.8661417322834646,0.46062992125984253,0.39763779527559057,0.3858267716535433,0.6929133858267716,0.7913385826771654,0.5511811023622047
0.2795275590551181,0.38188976377952755,0.5354330708661418,0.484251968503937,0.24803149606299213,0.3110236220472441,0.6417322834645669,0.7637795275590551,0.41338582677165353,0.36220472440944884,0.6496062992125984,0.8503937007874016,0.468503937007874,0.43700787401574803,0.4094488188976378,0.7007874015748031,0.8307086614173228,0.5826771653543307
0.4645669291338583,0.5196850393700787,0.2755905511811024,0.6456692913385826,0.6968503937007874,0.4251968503937008,0.5433070866141733,0.8031496062992126,0.30708661417322836,0.41732283464566927,0.562992125984252,0.8346456692913385,0.31496062992125984,0.4448818897637795,0.3031496062992126,0.2795275590551181,0.29133858267716534,0.7598425196850394
0.4566929133858268,0.5118110236220472,0.33070866141732286,0.6692913385826772,0.7283464566929134,0.33858267716535434,0.5984251968503937,0.7795275590551181,0.29133858267716534,0.4330708661417323,0.6023622047244095,0.8188976377952756,0.28346456692913385,0.4921259842519685,0.3188976377952756,0.22440944881889763,0.2677165354330709,0.7362204724409449
0.4566929133858268,0.5275590551181102,0.31496062992125984,0.6614173228346457,0.7283464566929134,0.3464566929133858,0.5984251968503937,0.7795275590551181,0.2992125984251969,0.4251968503937008,0.6023622047244095,0.8188976377952756,0.28346456692913385,0.4921259842519685,0.32677165354330706,0.22440944881889763,0.25984251968503935,0.7362204724409449
0.4566929133858268,0.5354330708661418,0.31496062992125984,0.6614173228346457,0.7283464566929134,0.3543307086614173,0.5984251968503937,0.7795275590551181,0.2992125984251969,0.4251968503937008,0.6023622047244095,0.8188976377952756,0.28346456692913385,0.4921259842519685,0.32677165354330706,0.22440944881889763,0.25984251968503935,0.7362204724409449
0.33858267716535434,0.421259842519685,0.5039370078740157,0.5433070866141733,0.18503937007874016,0.35039370078740156,0.5708661417322834,0.31496062992125984,0.3031496062992126,0.24803149606299213,0.65748031496063,0.8267716535433071,0.2992125984251969,0.3228346456692913,0.38976377952755903,0.484251968503937,0.3188976377952756,0.594488188976378
0.3464566929133858,0.421259842519685,0.5039370078740157,0.5433070866141733,0.18503937007874016,0.3425196850393701,0.562992125984252,0.31496062992125984,0.3031496062992126,0.2637795275590551,0.6496062992125984,0.8346456692913385,0.29133858267716534,0.3228346456692913,0.38976377952755903,0.484251968503937,0.3188976377952756,0.594488188976378
0.46062992125984253,0.5,0.28346456692913385,0.6062992125984252,0.6850393700787402,0.452755905511811,0.594488188976378,0.8070866141732284,0.16141732283464566,0.4094488188976378,0.6417322834645669,0.8110236220472441,0.28346456692913385,0.44881889763779526,0.32677165354330706,0.20866141732283464,0.25196850393700787,0.7559055118110236
0.23622047244094488,0.3661417322834646,0.5,0.3858267716535433,0.20866141732283464,0.3346456692913386,0.5787401574803149,0.7519685039370079,0.31496062992125984,0.23622047244094488,0.6062992125984252,0.84251968503937,0.4566929133858268,0.38188976377952755,0.40551181102362205,0.6929133858267716,0.7322834645669292,0.515748031496063
0.35826771653543305,0.3937007874015748,0.43700787401574803,0.594488188976378,0.1889763779527559,0.32677165354330706,0.6023622047244095,0.3228346456692913,0.2952755905511811,0.24015748031496062,0.6535433070866141,0.8267716535433071,0.32677165354330706,0.38976377952755903,0.38976377952755903,0.5826771653543307,0.38188976377952755,0.562992125984252
0.22440944881889763,0.3779527559055118,0.5078740157480315,0.46062992125984253,0.2204724409448819,0.3188976377952756,0.6496062992125984,0.7598425196850394,0.3464566929133858,0.2874015748031496,0.6614173228346457,0.84251968503937,0.40551181102362205,0.41338582677165353,0.41338582677165353,0.6299212598425197,0.6259842519685039,0.5708661417322834
0.44881889763779526,0.4921259842519685,0.2755905511811024,0.6259842519685039,0.6732283464566929,0.3779527559055118,0.6299212598425197,0.7519685039370079,0.2755905511811024,0.41338582677165353,0.6653543307086615,0.7952755905511811,0.36220472440944884,0.421259842519685,0.32677165354330706,0.2677165354330709,0.2559055118110236,0.7007874015748031
0.44881889763779526,0.5,0.2755905511811024,0.6181102362204725,0.6811023622047244,0.3779527559055118,0.6220472440944882,0.7440944881889764,0.2755905511811024,0.40551181102362205,0.6653543307086615,0.7952755905511811,0.36220472440944884,0.42913385826771655,0.32677165354330706,0.25984251968503935,0.2559055118110236,0.7165354330708661
0.44881889763779526,0.5078740157480315,0.2755905511811024,0.6181102362204725,0.6811023622047244,0.3779527559055118,0.6220472440944882,0.7440944881889764,0.2755905511811024,0.40551181102362205,0.6653543307086615,0.7952755905511811,0.3543307086614173,0.42913385826771655,0.32677165354330706,0.25984251968503935,0.2559055118110236,0.7244094488188977
0.24015748031496062,0.3700787401574803,0.5826771653543307,0.41732283464566927,0.23228346456692914,0.3228346456692913,0.6181102362204725,0.7519685039370079,0.3464566929133858,0.28346456692913385,0.6496062992125984,0.8346456692913385,0.4251968503937008,0.40551181102362205,0.40551181102362205,0.6811023622047244,0.7834645669291339,0.594488188976378
0.24803149606299213,0.3700787401574803,0.5669291338582677,0.44881889763779526,0.23228346456692914,0.3228346456692913,0.6338582677165354,0.7598425196850394,0.33858267716535434,0.30708661417322836,0.65748031496063,0.8346456692913385,0.4251968503937008,0.40551181102362205,0.41338582677165353,0.6889763779527559,0.7834645669291339,0.6023622047244095
0.35826771653543305,0.3858267716535433,0.468503937007874,0.5551181102362205,0.18503937007874016,0.33070866141732286,0.594488188976378,0.3188976377952756,0.2992125984251969,0.22440944881889763,0.65748031496063,0.8188976377952756,0.3228346456692913,0.3543307086614173,0.40551181102362205,0.6062992125984252,0.484251968503937,0.6181102362204725
0.3425196850393701,0.3937007874015748,0.468503937007874,0.5393700787401575,0.18503937007874016,0.33070866141732286,0.5787401574803149,0.3110236220472441,0.2992125984251969,0.23228346456692914,0.6496062992125984,0.8267716535433071,0.2992125984251969,0.3543307086614173,0.40551181102362205,0.6141732283464567,0.484251968503937,0.610236220472441
0.22440944881889763,0.3858267716535433,0.562992125984252,0.4763779527559055,0.22440944881889763,0.31496062992125984,0.594488188976378,0.7362204724409449,0.38976377952755903,0.3346456692913386,0.6496062992125984,0.8346456692913385,0.3661417322834646,0.3937007874015748,0.39763779527559057,0.6220472440944882,0.5433070866141733,0.594488188976378
0.36220472440944884,0.3543307086614173,0.46062992125984253,0.531496062992126,0.18503937007874016,0.3228346456692913,0.594488188976378,0.31496062992125984,0.3031496062992126,0.2677165354330709,0.6653543307086615,0.8267716535433071,0.3228346456692913,0.35826771653543305,0.40551181102362205,0.5984251968503937,0.4409448818897638,0.6181102362204725
0.47244094488188976,0.48031496062992124,0.2874015748031496,0.6377952755905512,0.7165354330708661,0.3858267716535433,0.594488188976378,0.7519685039370079,0.27165354330708663,0.41732283464566927,0.6299212598425197,0.7834645669291339,0.2992125984251969,0.46062992125984253,0.30708661417322836,0.24803149606299213,0.2755905511811024,0.7559055118110236
0.2440944881889764,0.36220472440944884,0.5433070866141733,0.421259842519685,0.23622047244094488,0.3228346456692913,0.6141732283464567,0.7598425196850394,0.3543307086614173,0.28346456692913385,0.6338582677165354,0.8385826771653543,0.41732283464566927,0.41338582677165353,0.4015748031496063,0.6811023622047244,0.7480314960629921,0.6023622047244095
0.2677165354330709,0.3779527559055118,0.5118110236220472,0.46062992125984253,0.23622047244094488,0.3228346456692913,0.6299212598425197,0.7598425196850394,0.3464566929133858,0.31496062992125984,0.6496062992125984,0.8385826771653543,0.41732283464566927,0.421259842519685,0.4094488188976378,0.6889763779527559,0.7559055118110236,0.6181102362204725
0.36220472440944884,0.36220472440944884,0.4645669291338583,0.531496062992126,0.1889763779527559,0.33070866141732286,0.5866141732283464,0.31496062992125984,0.2992125984251969,0.2559055118110236,0.65748031496063,0.8307086614173228,0.3464566929133858,0.36220472440944884,0.4015748031496063,0.6181102362204725,0.4881889763779528,0.6338582677165354
0.3700787401574803,0.3779527559055118,0.4566929133858268,0.5236220472440944,0.1968503937007874,0.3228346456692913,0.547244094488189,0.31496062992125984,0.2992125984251969,0.27165354330708663,0.6417322834645669,0.8307086614173228,0.31496062992125984,0.33858267716535434,0.4015748031496063,0.6181102362204725,0.48031496062992124,0.6181102362204725
0.33858267716535434,0.41338582677165353,0.5196850393700787,0.46062992125984253,0.16929133858267717,0.33070866141732286,0.5433070866141733,0.3188976377952756,0.29133858267716534,0.20866141732283464,0.6496062992125984,0.8110236220472441,0.2559055118110236,0.3110236220472441,0.3779527559055118,0.38188976377952755,0.2952755905511811,0.6220472440944882
0.20078740157480315,0.35039370078740156,0.5,0.4330708661417323,0.22440944881889763,0.3031496062992126,0.6062992125984252,0.7401574803149606,0.35039370078740156,0.25196850393700787,0.610236220472441,0.84251968503937,0.452755905511811,0.38976377952755903,0.41338582677165353,0.6732283464566929,0.7165354330708661,0.5275590551181102
0.3346456692913386,0.41338582677165353,0.5354330708661418,0.4251968503937008,0.16141732283464566,0.3425196850393701,0.5393700787401575,0.31496062992125984,0.2874015748031496,0.14960629921259844,0.6456692913385826,0.8031496062992126,0.24015748031496062,0.2992125984251969,0.40551181102362205,0.4330708661417323,0.30708661417322836,0.5551181102362205
0.2125984251968504,0.35826771653543305,0.5078740157480315,0.42913385826771655,0.25984251968503935,0.3031496062992126,0.5826771653543307,0.7322834645669292,0.41338582677165353,0.2952755905511811,0.6299212598425197,0.84251968503937,0.4448818897637795,0.37401574803149606,0.40551181102362205,0.6889763779527559,0.7952755905511811,0.5708661417322834
0.33858267716535434,0.39763779527559057,0.49606299212598426,0.5078740157480315,0.17716535433070865,0.32677165354330706,0.5511811023622047,0.31496062992125984,0.2992125984251969,0.22440944881889763,0.6535433070866141,0.84251968503937,0.31496062992125984,0.3110236220472441,0.41338582677165353,0.6259842519685039,0.468503937007874,0.594488188976378
0.48031496062992124,0.515748031496063,0.3031496062992126,0.6299212598425197,0.7204724409448819,0.3700787401574803,0.5905511811023622,0.7519685039370079,0.24803149606299213,0.4251968503937008,0.6496062992125984,0.7795275590551181,0.30708661417322836,0.4409448818897638,0.3188976377952756,0.2755905511811024,0.27165354330708663,0.7362204724409449
0.3700787401574803,0.43700787401574803,0.5275590551181102,0.4251968503937008,0.16929133858267717,0.3346456692913386,0.468503937007874,0.32677165354330706,0.29133858267716534,0.17716535433070865,0.6181102362204725,0.8188976377952756,0.3110236220472441,0.27165354330708663,0.38976377952755903,0.5433070866141733,0.3543307086614173,0.610236220472441
0.47244094488188976,0.562992125984252,0.2952755905511811,0.6259842519685039,0.7165354330708661,0.32677165354330706,0.5905511811023622,0.7637795275590551,0.25196850393700787,0.421259842519685,0.6456692913385826,0.7874015748031497,0.2755905511811024,0.43700787401574803,0.3188976377952756,0.2992125984251969,0.2755905511811024,0.7440944881889764
0.4645669291338583,0.5708661417322834,0.3031496062992126,0.6259842519685039,0.7244094488188977,0.32677165354330706,0.5905511811023622,0.7716535433070866,0.25196850393700787,0.41338582677165353,0.6535433070866141,0.7874015748031497,0.2755905511811024,0.43700787401574803,0.32677165354330706,0.28346456692913385,0.2677165354330709,0.7598425196850394
0.3110236220472441,0.42913385826771655,0.5551181102362205,0.4409448818897638,0.17716535433070865,0.33070866141732286,0.5078740157480315,0.33858267716535434,0.2874015748031496,0.23622047244094488,0.6456692913385826,0.8346456692913385,0.2440944881889764,0.2755905511811024,0.421259842519685,0.594488188976378,0.48031496062992124,0.5984251968503937
0.2283464566929134,0.3779527559055118,0.5275590551181102,0.4409448818897638,0.23228346456692914,0.30708661417322836,0.6062992125984252,0.7480314960629921,0.37401574803149606,0.2795275590551181,0.6377952755905512,0.8346456692913385,0.4015748031496063,0.3858267716535433,0.41338582677165353,0.6181102362204725,0.5826771653543307,0.5905511811023622
0.3543307086614173,0.41732283464566927,0.5078740157480315,0.48031496062992124,0.18503937007874016,0.3228346456692913,0.5196850393700787,0.32677165354330706,0.2952755905511811,0.2283464566929134,0.6496062992125984,0.8346456692913385,0.3188976377952756,0.28346456692913385,0.40551181102362205,0.5708661417322834,0.3661417322834646,0.6062992125984252
0.468503937007874,0.5275590551181102,0.2755905511811024,0.6417322834645669,0.7047244094488189,0.38188976377952755,0.6141732283464567,0.7204724409448819,0.2559055118110236,0.4094488188976378,0.6850393700787402,0.7716535433070866,0.3188976377952756,0.4330708661417323,0.3346456692913386,0.25984251968503935,0.25984251968503935,0.7204724409448819
0.468503937007874,0.5354330708661418,0.2755905511811024,0.6417322834645669,0.7047244094488189,0.38188976377952755,0.6141732283464567,0.7204724409448819,0.24803149606299213,0.4015748031496063,0.6850393700787402,0.7716535433070866,0.3188976377952756,0.4330708661417323,0.3346456692913386,0.25196850393700787,0.25196850393700787,0.7283464566929134
0.2992125984251969,0.41732283464566927,0.5236220472440944,0.46062992125984253,0.18110236220472442,0.3346456692913386,0.5551181102362205,0.33858267716535434,0.2952755905511811,0.25196850393700787,0.6811023622047244,0.8346456692913385,0.29133858267716534,0.25984251968503935,0.43700787401574803,0.5551181102362205,0.5,0.5984251968503937
0.33858267716535434,0.41732283464566927,0.5078740157480315,0.4763779527559055,0.1889763779527559,0.32677165354330706,0.5551181102362205,0.33858267716535434,0.2952755905511811,0.25984251968503935,0.6889763779527559,0.84251968503937,0.29133858267716534,0.2677165354330709,0.43700787401574803,0.5551181102362205,0.4921259842519685,0.6062992125984252
0.3464566929133858,0.41732283464566927,0.4921259842519685,0.484251968503937,0.1889763779527559,0.32677165354330706,0.562992125984252,0.33858267716535434,0.2952755905511811,0.2677165354330709,0.6889763779527559,0.84251968503937,0.29133858267716534,0.2677165354330709,0.43700787401574803,0.5551181102362205,0.4921259842519685,0.6062992125984252
0.3543307086614173,0.4251968503937008,0.4921259842519685,0.4921259842519685,0.1889763779527559,0.32677165354330706,0.5708661417322834,0.33858267716535434,0.2952755905511811,0.2677165354330709,0.6889763779527559,0.84251968503937,0.29133858267716534,0.2755905511811024,0.42913385826771655,0.5551181102362205,0.484251968503937,0.6141732283464567
0.18110236220472442,0.3425196850393701,0.5039370078740157,0.40551181102362205,0.22440944881889763,0.3110236220472441,0.6259842519685039,0.7401574803149606,0.33070866141732286,0.20078740157480315,0.6496062992125984,0.8385826771653543,0.41338582677165353,0.39763779527559057,0.421259842519685,0.6968503937007874,0.7677165354330708,0.5905511811023622
0.3346456692913386,0.41338582677165353,0.547244094488189,0.46062992125984253,0.17716535433070865,0.33070866141732286,0.5275590551181102,0.3346456692913386,0.2952755905511811,0.19291338582677164,0.6614173228346457,0.8228346456692913,0.2795275590551181,0.2677165354330709,0.4251968503937008,0.5236220472440944,0.468503937007874,0.5826771653543307
0.32677165354330706,0.4251968503937008,0.5551181102362205,0.43700787401574803,0.18110236220472442,0.32677165354330706,0.5078740157480315,0.3346456692913386,0.2874015748031496,0.2204724409448819,0.6456692913385826,0.8149606299212598,0.2283464566929134,0.2755905511811024,0.4251968503937008,0.5078740157480315,0.4015748031496063,0.5669291338582677
0.2283464566929134,0.35039370078740156,0.484251968503937,0.38976377952755903,0.2125984251968504,0.3110236220472441,0.5866141732283464,0.7598425196850394,0.3425196850393701,0.19291338582677164,0.6181102362204725,0.8346456692913385,0.4409448818897638,0.3858267716535433,0.41732283464566927,0.6889763779527559,0.6692913385826772,0.5275590551181102
0.35826771653543305,0.38976377952755903,0.5,0.5,0.2125984251968504,0.3110236220472441,0.5236220472440944,0.33070866141732286,0.2952755905511811,0.22440944881889763,0.6259842519685039,0.84251968503937,0.2992125984251969,0.3228346456692913,0.4094488188976378,0.610236220472441,0.41732283464566927,0.5433070866141733
0.47244094488188976,0.5787401574803149,0.32677165354330706,0.6496062992125984,0.7362204724409449,0.33070866141732286,0.6299212598425197,0.7165354330708661,0.2874015748031496,0.43700787401574803,0.7086614173228346,0.7480314960629921,0.31496062992125984,0.4566929133858268,0.3464566929133858,0.25196850393700787,0.30708661417322836,0.6929133858267716
0.22440944881889763,0.3464566929133858,0.46062992125984253,0.3779527559055118,0.21653543307086615,0.31496062992125984,0.562992125984252,0.7559055118110236,0.3464566929133858,0.19291338582677164,0.610236220472441,0.8346456692913385,0.4251968503937008,0.37401574803149606,0.4094488188976378,0.6850393700787402,0.7165354330708661,0.5433070866141733
0.30708661417322836,0.41732283464566927,0.5393700787401575,0.43700787401574803,0.17716535433070865,0.32677165354330706,0.547244094488189,0.3346456692913386,0.2952755905511811,0.2125984251968504,0.65748031496063,0.8385826771653543,0.2637795275590551,0.29133858267716534,0.43700787401574803,0.5590551181102362,0.5,0.594488188976378
0.5590551181102362,0.594488188976378,0.3228346456692913,0.7125984251968503,0.7244094488188977,0.2559055118110236,0.6732283464566929,0.7007874015748031,0.18110236220472442,0.4330708661417323,0.6929133858267716,0.6929133858267716,0.2559055118110236,0.4566929133858268,0.32677165354330706,0.2559055118110236,0.2795275590551181,0.6338582677165354
0.5511811023622047,0.594488188976378,0.3228346456692913,0.7047244094488189,0.7244094488188977,0.2559055118110236,0.6653543307086615,0.7007874015748031,0.18110236220472442,0.4251968503937008,0.6929133858267716,0.7086614173228346,0.24803149606299213,0.4566929133858268,0.32677165354330706,0.24803149606299213,0.2795275590551181,0.65748031496063
0.3188976377952756,0.4251968503937008,0.547244094488189,0.4251968503937008,0.1732283464566929,0.3188976377952756,0.5,0.32677165354330706,0.2952755905511811,0.2047244094488189,0.6456692913385826,0.8228346456692913,0.30708661417322836,0.25196850393700787,0.40551181102362205,0.5275590551181102,0.3425196850393701,0.6023622047244095
0.3110236220472441,0.4251968503937008,0.547244094488189,0.4251968503937008,0.18110236220472442,0.3188976377952756,0.5078740157480315,0.32677165354330706,0.2952755905511811,0.2125984251968504,0.6535433070866141,0.8307086614173228,0.2992125984251969,0.25196850393700787,0.41338582677165353,0.5511811023622047,0.40551181102362205,0.6181102362204725
0.32677165354330706,0.4251968503937008,0.547244094488189,0.4330708661417323,0.1968503937007874,0.3110236220472441,0.515748031496063,0.32677165354330706,0.2952755905511811,0.2283464566929134,0.6614173228346457,0.8307086614173228,0.2992125984251969,0.25196850393700787,0.41338582677165353,0.5590551181102362,0.41338582677165353,0.6181102362204725
0.32677165354330706,0.4330708661417323,0.5393700787401575,0.4409448818897638,0.1968503937007874,0.3110236220472441,0.5236220472440944,0.32677165354330706,0.2874015748031496,0.2283464566929134,0.6692913385826772,0.8307086614173228,0.2992125984251969,0.25984251968503935,0.41338582677165353,0.5590551181102362,0.421259842519685,0.6181102362204725
0.2559055118110236,0.3700787401574803,0.4763779527559055,0.44881889763779526,0.2440944881889764,0.2952755905511811,0.610236220472441,0.7559055118110236,0.38188976377952755,0.28346456692913385,0.6338582677165354,0.8464566929133859,0.42913385826771655,0.40551181102362205,0.41338582677165353,0.6771653543307087,0.7795275590551181,0.5433070866141733
0.452755905511811,0.5354330708661418,0.31496062992125984,0.65748031496063,0.7125984251968503,0.3779527559055118,0.6181102362204725,0.7086614173228346,0.35826771653543305,0.41732283464566927,0.6614173228346457,0.7559055118110236,0.32677165354330706,0.4448818897637795,0.3188976377952756,0.2755905511811024,0.27165354330708663,0.6850393700787402
0.24803149606299213,0.36220472440944884,0.49606299212598426,0.3661417322834646,0.24015748031496062,0.31496062992125984,0.5551181102362205,0.7637795275590551,0.40551181102362205,0.20866141732283464,0.6023622047244095,0.8385826771653543,0.468503937007874,0.35039370078740156,0.39763779527559057,0.7007874015748031,0.7480314960629921,0.5039370078740157
0.44881889763779526,0.5905511811023622,0.2952755905511811,0.6771653543307087,0.7086614173228346,0.3464566929133858,0.6653543307086615,0.6692913385826772,0.35039370078740156,0.41338582677165353,0.6732283464566929,0.7283464566929134,0.2992125984251969,0.484251968503937,0.3188976377952756,0.23622047244094488,0.2874015748031496,0.6692913385826772
0.27165354330708663,0.3779527559055118,0.5039370078740157,0.4330708661417323,0.21653543307086615,0.3110236220472441,0.6614173228346457,0.7559055118110236,0.32677165354330706,0.1968503937007874,0.6811023622047244,0.8307086614173228,0.40551181102362205,0.41338582677165353,0.40551181102362205,0.7047244094488189,0.7598425196850394,0.6496062992125984
0.2952755905511811,0.3858267716535433,0.48031496062992124,0.47244094488188976,0.23228346456692914,0.3110236220472441,0.6692913385826772,0.7637795275590551,0.3188976377952756,0.2440944881889764,0.6889763779527559,0.8307086614173228,0.40551181102362205,0.41338582677165353,0.41338582677165353,0.7047244094488189,0.7598425196850394,0.6496062992125984
0.30708661417322836,0.38188976377952755,0.5078740157480315,0.49606299212598426,0.1968503937007874,0.3188976377952756,0.547244094488189,0.32677165354330706,0.30708661417322836,0.18110236220472442,0.65748031496063,0.8307086614173228,0.33858267716535434,0.29133858267716534,0.39763779527559057,0.6653543307086615,0.6023622047244095,0.65748031496063
0.32677165354330706,0.41338582677165353,0.547244094488189,0.4448818897637795,0.16929133858267717,0.33070866141732286,0.5551181102362205,0.3110236220472441,0.2952755905511811,0.1732283464566929,0.6496062992125984,0.8031496062992126,0.23228346456692914,0.31496062992125984,0.39763779527559057,0.484251968503937,0.3110236220472441,0.610236220472441
0.5039370078740157,0.562992125984252,0.2992125984251969,0.6771653543307087,0.7165354330708661,0.32677165354330706,0.6653543307086615,0.7362204724409449,0.13385826771653545,0.41732283464566927,0.6850393700787402,0.6929133858267716,0.2677165354330709,0.484251968503937,0.3228346456692913,0.2204724409448819,0.28346456692913385,0.6771653543307087
0.5039370078740157,0.562992125984252,0.30708661417322836,0.6771653543307087,0.7244094488188977,0.3188976377952756,0.65748031496063,0.7283464566929134,0.13385826771653545,0.4094488188976378,0.6929133858267716,0.7007874015748031,0.2677165354330709,0.484251968503937,0.3228346456692913,0.2283464566929134,0.2755905511811024,0.6771653543307087
0.5039370078740157,0.562992125984252,0.30708661417322836,0.6692913385826772,0.7244094488188977,0.3188976377952756,0.65748031496063,0.7283464566929134,0.13385826771653545,0.4015748031496063,0.6850393700787402,0.7086614173228346,0.25984251968503935,0.484251968503937,0.33070866141732286,0.23622047244094488,0.2677165354330709,0.6850393700787402
0.5039370078740157,0.562992125984252,0.31496062992125984,0.6614173228346457,0.7244094488188977,0.3110236220472441,0.65748031496063,0.7362204724409449,0.14173228346456693,0.4015748031496063,0.6850393700787402,0.7165354330708661,0.25984251968503935,0.484251968503937,0.33070866141732286,0.23622047244094488,0.2677165354330709,0.6929133858267716
0.2677165354330709,0.39763779527559057,0.5433070866141733,0.43700787401574803,0.2440944881889764,0.3110236220472441,0.6377952755905512,0.7598425196850394,0.3425196850393701,0.25984251968503935,0.6614173228346457,0.8307086614173228,0.42913385826771655,0.41338582677165353,0.41338582677165353,0.6968503937007874,0.7519685039370079,0.6377952755905512
0.5078740157480315,0.610236220472441,0.30708661417322836,0.6771653543307087,0.7047244094488189,0.32677165354330706,0.6929133858267716,0.7204724409448819,0.22440944881889763,0.41732283464566927,0.7086614173228346,0.7047244094488189,0.25196850393700787,0.4921259842519685,0.33858267716535434,0.2283464566929134,0.2637795275590551,0.6811023622047244
0.2677165354330709,0.3937007874015748,0.5275590551181102,0.40551181102362205,0.23228346456692914,0.31496062992125984,0.6181102362204725,0.7519685039370079,0.3543307086614173,0.2125984251968504,0.6496062992125984,0.8346456692913385,0.421259842519685,0.3858267716535433,0.3937007874015748,0.6771653543307087,0.7401574803149606,0.610236220472441
0.468503937007874,0.5354330708661418,0.30708661417322836,0.6338582677165354,0.7086614173228346,0.35826771653543305,0.6496062992125984,0.7047244094488189,0.28346456692913385,0.4094488188976378,0.6732283464566929,0.7204724409448819,0.28346456692913385,0.47244094488188976,0.3228346456692913,0.24015748031496062,0.2755905511811024,0.6653543307086615
0.35039370078740156,0.4330708661417323,0.5354330708661418,0.468503937007874,0.1889763779527559,0.33858267716535434,0.5433070866141733,0.3346456692913386,0.2952755905511811,0.20866141732283464,0.6653543307086615,0.8267716535433071,0.2755905511811024,0.27165354330708663,0.4015748031496063,0.5,0.38188976377952755,0.6496062992125984
0.25984251968503935,0.3700787401574803,0.4921259842519685,0.38188976377952755,0.24015748031496062,0.3110236220472441,0.5826771653543307,0.7401574803149606,0.3543307086614173,0.2047244094488189,0.6377952755905512,0.8346456692913385,0.40551181102362205,0.37401574803149606,0.4015748031496063,0.6929133858267716,0.7401574803149606,0.6141732283464567
0.2755905511811024,0.3858267716535433,0.5039370078740157,0.41732283464566927,0.23622047244094488,0.3110236220472441,0.6259842519685039,0.7480314960629921,0.3188976377952756,0.20866141732283464,0.65748031496063,0.84251968503937,0.3858267716535433,0.41338582677165353,0.39763779527559057,0.6653543307086615,0.6653543307086615,0.6496062992125984
0.5,0.5551181102362205,0.32677165354330706,0.6692913385826772,0.7165354330708661,0.33858267716535434,0.6811023622047244,0.7086614173228346,0.3031496062992126,0.4251968503937008,0.6653543307086615,0.6614173228346457,0.23622047244094488,0.4763779527559055,0.3110236220472441,0.25196850393700787,0.2992125984251969,0.6023622047244095
0.4921259842519685,0.5393700787401575,0.3346456692913386,0.6377952755905512,0.7165354330708661,0.33858267716535434,0.65748031496063,0.7165354330708661,0.32677165354330706,0.4094488188976378,0.6732283464566929,0.7480314960629921,0.2047244094488189,0.468503937007874,0.3346456692913386,0.33070866141732286,0.29133858267716534,0.6181102362204725
0.30708661417322836,0.39763779527559057,0.49606299212598426,0.4094488188976378,0.25196850393700787,0.3031496062992126,0.6259842519685039,0.7559055118110236,0.3425196850393701,0.22440944881889763,0.65748031496063,0.8149606299212598,0.4409448818897638,0.39763779527559057,0.39763779527559057,0.7204724409448819,0.7677165354330708,0.6456692913385826
0.468503937007874,0.531496062992126,0.31496062992125984,0.6023622047244095,0.6929133858267716,0.3937007874015748,0.6456692913385826,0.7165354330708661,0.32677165354330706,0.38188976377952755,0.6653543307086615,0.7755905511811023,0.2047244094488189,0.48031496062992124,0.33070866141732286,0.3661417322834646,0.3031496062992126,0.6181102362204725
0.3543307086614173,0.43700787401574803,0.531496062992126,0.46062992125984253,0.18503937007874016,0.33858267716535434,0.5393700787401575,0.33070866141732286,0.29133858267716534,0.19291338582677164,0.6692913385826772,0.8385826771653543,0.2755905511811024,0.2637795275590551,0.4015748031496063,0.5393700787401575,0.40551181102362205,0.6653543307086615
0.3228346456692913,0.43700787401574803,0.547244094488189,0.4566929133858268,0.19291338582677164,0.33070866141732286,0.5590551181102362,0.3425196850393701,0.2874015748031496,0.20866141732283464,0.65748031496063,0.84251968503937,0.21653543307086615,0.3228346456692913,0.41732283464566927,0.547244094488189,0.4881889763779528,0.5866141732283464
0.3464566929133858,0.43700787401574803,0.5393700787401575,0.4881889763779528,0.21653543307086615,0.3228346456692913,0.5669291338582677,0.3425196850393701,0.2874015748031496,0.24803149606299213,0.6653543307086615,0.8503937007874016,0.20078740157480315,0.3228346456692913,0.41732283464566927,0.562992125984252,0.47244094488188976,0.6023622047244095
0.3464566929133858,0.43700787401574803,0.5393700787401575,0.4881889763779528,0.21653543307086615,0.31496062992125984,0.5748031496062992,0.3425196850393701,0.2795275590551181,0.24803149606299213,0.6653543307086615,0.8503937007874016,0.20078740157480315,0.3228346456692913,0.41732283464566927,0.562992125984252,0.4645669291338583,0.6023622047244095
0.4566929133858268,0.5393700787401575,0.2992125984251969,0.6259842519685039,0.7007874015748031,0.3543307086614173,0.6259842519685039,0.7125984251968503,0.23228346456692914,0.41732283464566927,0.6732283464566929,0.7716535433070866,0.2440944881889764,0.4566929133858268,0.33070866141732286,0.2637795275590551,0.27165354330708663,0.7204724409448819
0.44881889763779526,0.547244094488189,0.2992125984251969,0.6181102362204725,0.7007874015748031,0.3543307086614173,0.6181102362204725,0.7125984251968503,0.23228346456692914,0.4094488188976378,0.6732283464566929,0.7716535433070866,0.23622047244094488,0.4566929133858268,0.33858267716535434,0.2637795275590551,0.27165354330708663,0.7283464566929134
0.4409448818897638,0.547244094488189,0.2992125984251969,0.610236220472441,0.7007874015748031,0.36220472440944884,0.6023622047244095,0.7204724409448819,0.23228346456692914,0.4094488188976378,0.65748031496063,0.7716535433070866,0.2440944881889764,0.44881889763779526,0.33858267716535434,0.2795275590551181,0.27165354330708663,0.7204724409448819
0.2755905511811024,0.3937007874015748,0.5196850393700787,0.38188976377952755,0.2637795275590551,0.3110236220472441,0.6062992125984252,0.7440944881889764,0.3700787401574803,0.25196850393700787,0.6377952755905512,0.8307086614173228,0.4448818897637795,0.39763779527559057,0.4015748031496063,0.7047244094488189,0.7637795275590551,0.6181102362204725
0.3464566929133858,0.41732283464566927,0.5078740157480315,0.5196850393700787,0.20866141732283464,0.3188976377952756,0.5748031496062992,0.33070866141732286,0.2952755905511811,0.2283464566929134,0.6535433070866141,0.8464566929133859,0.2874015748031496,0.32677165354330706,0.4094488188976378,0.6653543307086615,0.5196850393700787,0.6338582677165354
0.44881889763779526,0.5275590551181102,0.30708661417322836,0.6023622047244095,0.7007874015748031,0.3661417322834646,0.6181102362204725,0.7204724409448819,0.2440944881889764,0.39763779527559057,0.6653543307086615,0.7716535433070866,0.27165354330708663,0.46062992125984253,0.33070866141732286,0.2755905511811024,0.28346456692913385,0.7165354330708661
0.2795275590551181,0.3858267716535433,0.4921259842519685,0.40551181102362205,0.24015748031496062,0.30708661417322836,0.6141732283464567,0.7519685039370079,0.33858267716535434,0.20866141732283464,0.6417322834645669,0.8385826771653543,0.421259842519685,0.39763779527559057,0.4015748031496063,0.6850393700787402,0.7440944881889764,0.6181102362204725
0.33858267716535434,0.4094488188976378,0.5078740157480315,0.531496062992126,0.20866141732283464,0.31496062992125984,0.5590551181102362,0.32677165354330706,0.2992125984251969,0.22440944881889763,0.6456692913385826,0.8385826771653543,0.3031496062992126,0.3110236220472441,0.4015748031496063,0.6377952755905512,0.5118110236220472,0.6338582677165354
0.3464566929133858,0.41732283464566927,0.5078740157480315,0.5236220472440944,0.20866141732283464,0.31496062992125984,0.5590551181102362,0.32677165354330706,0.29133858267716534,0.24803149606299213,0.6456692913385826,0.8464566929133859,0.2874015748031496,0.32677165354330706,0.4094488188976378,0.6377952755905512,0.5039370078740157,0.6259842519685039
0.2677165354330709,0.38188976377952755,0.5,0.3937007874015748,0.2440944881889764,0.31496062992125984,0.6023622047244095,0.7440944881889764,0.3346456692913386,0.20078740157480315,0.6456692913385826,0.8385826771653543,0.40551181102362205,0.38976377952755903,0.40551181102362205,0.6929133858267716,0.7283464566929134,0.6220472440944882
0.2755905511811024,0.38976377952755903,0.5,0.4251968503937008,0.2440944881889764,0.30708661417322836,0.6259842519685039,0.7598425196850394,0.3031496062992126,0.22440944881889763,0.6692913385826772,0.8385826771653543,0.39763779527559057,0.39763779527559057,0.41338582677165353,0.6929133858267716,0.7283464566929134,0.6299212598425197
0.36220472440944884,0.40551181102362205,0.5236220472440944,0.5078740157480315,0.2125984251968504,0.3346456692913386,0.5708661417322834,0.33070866141732286,0.2952755905511811,0.23228346456692914,0.6614173228346457,0.8346456692913385,0.24803149606299213,0.3346456692913386,0.41732283464566927,0.531496062992126,0.4409448818897638,0.6338582677165354
0.3700787401574803,0.421259842519685,0.5236220472440944,0.5078740157480315,0.2125984251968504,0.32677165354330706,0.5787401574803149,0.33070866141732286,0.2952755905511811,0.2559055118110236,0.6535433070866141,0.84251968503937,0.21653543307086615,0.3425196850393701,0.41732283464566927,0.5551181102362205,0.44881889763779526,0.6338582677165354
0.4763779527559055,0.5433070866141733,0.3031496062992126,0.6181102362204725,0.7125984251968503,0.35826771653543305,0.6259842519685039,0.7125984251968503,0.2637795275590551,0.42913385826771655,0.6732283464566929,0.7480314960629921,0.24803149606299213,0.46062992125984253,0.33070866141732286,0.2874015748031496,0.28346456692913385,0.6614173228346457
0.31496062992125984,0.39763779527559057,0.5275590551181102,0.4921259842519685,0.19291338582677164,0.32677165354330706,0.5748031496062992,0.33070866141732286,0.29133858267716534,0.21653543307086615,0.6811023622047244,0.8267716535433071,0.19291338582677164,0.2992125984251969,0.4330708661417323,0.5236220472440944,0.4015748031496063,0.6023622047244095
0.3425196850393701,0.4094488188976378,0.531496062992126,0.5354330708661418,0.2047244094488189,0.3188976377952756,0.5748031496062992,0.33070866141732286,0.2874015748031496,0.1968503937007874,0.6771653543307087,0.8385826771653543,0.2125984251968504,0.3110236220472441,0.41338582677165353,0.5236220472440944,0.421259842519685,0.6456692913385826
0.33070866141732286,0.421259842519685,0.5393700787401575,0.5118110236220472,0.20866141732283464,0.3228346456692913,0.5787401574803149,0.32677165354330706,0.29133858267716534,0.21653543307086615,0.6732283464566929,0.8267716535433071,0.1732283464566929,0.31496062992125984,0.4330708661417323,0.5236220472440944,0.39763779527559057,0.6141732283464567
0.2874015748031496,0.3779527559055118,0.4645669291338583,0.37401574803149606,0.21653543307086615,0.31496062992125984,0.6023622047244095,0.7519685039370079,0.2874015748031496,0.19291338582677164,0.6653543307086615,0.84251968503937,0.33070866141732286,0.32677165354330706,0.4015748031496063,0.5826771653543307,0.49606299212598426,0.5905511811023622
0.5078740157480315,0.5590551181102362,0.2952755905511811,0.6417322834645669,0.6968503937007874,0.33858267716535434,0.6496062992125984,0.6889763779527559,0.25196850393700787,0.4330708661417323,0.6889763779527559,0.7677165354330708,0.25196850393700787,0.44881889763779526,0.33858267716535434,0.2992125984251969,0.28346456692913385,0.6850393700787402
0.3425196850393701,0.4251968503937008,0.5354330708661418,0.4881889763779528,0.18503937007874016,0.33070866141732286,0.5551181102362205,0.3228346456692913,0.29133858267716534,0.18110236220472442,0.6653543307086615,0.8267716535433071,0.2125984251968504,0.2992125984251969,0.4094488188976378,0.5078740157480315,0.3543307086614173,0.6259842519685039
0.5236220472440944,0.6062992125984252,0.2874015748031496,0.6771653543307087,0.7007874015748031,0.30708661417322836,0.6850393700787402,0.6614173228346457,0.20866141732283464,0.3937007874015748,0.7165354330708661,0.7204724409448819,0.23622047244094488,0.468503937007874,0.3464566929133858,0.22440944881889763,0.2755905511811024,0.7086614173228346
0.5354330708661418,0.5905511811023622,0.30708661417322836,0.7007874015748031,0.7165354330708661,0.2795275590551181,0.6811023622047244,0.6968503937007874,0.2204724409448819,0.4448818897637795,0.6968503937007874,0.7204724409448819,0.20866141732283464,0.47244094488188976,0.33858267716535434,0.2559055118110236,0.2755905511811024,0.6456692913385826
0.24015748031496062,0.36220472440944884,0.484251968503937,0.38976377952755903,0.2283464566929134,0.3110236220472441,0.6259842519685039,0.7519685039370079,0.3110236220472441,0.19291338582677164,0.6535433070866141,0.8346456692913385,0.4251968503937008,0.37401574803149606,0.41732283464566927,0.6850393700787402,0.7244094488188977,0.5590551181102362
0.46062992125984253,0.5787401574803149,0.2992125984251969,0.6692913385826772,0.7283464566929134,0.3464566929133858,0.6850393700787402,0.6889763779527559,0.35039370078740156,0.4015748031496063,0.6929133858267716,0.7559055118110236,0.2992125984251969,0.468503937007874,0.33858267716535434,0.25984251968503935,0.28346456692913385,0.6732283464566929
0.3346456692913386,0.42913385826771655,0.5393700787401575,0.47244094488188976,0.19291338582677164,0.33070866141732286,0.5590551181102362,0.3346456692913386,0.29133858267716534,0.2047244094488189,0.6771653543307087,0.8346456692913385,0.25196850393700787,0.2559055118110236,0.41732283464566927,0.5275590551181102,0.43700787401574803,0.6141732283464567
0.5118110236220472,0.5905511811023622,0.29133858267716534,0.65748031496063,0.6850393700787402,0.2795275590551181,0.6614173228346457,0.6929133858267716,0.16535433070866143,0.38976377952755903,0.6968503937007874,0.7283464566929134,0.2559055118110236,0.468503937007874,0.33858267716535434,0.23228346456692914,0.27165354330708663,0.7047244094488189
0.3110236220472441,0.39763779527559057,0.484251968503937,0.4015748031496063,0.23228346456692914,0.3110236220472441,0.6377952755905512,0.7677165354330708,0.29133858267716534,0.1968503937007874,0.6535433070866141,0.8267716535433071,0.39763779527559057,0.3858267716535433,0.4015748031496063,0.6889763779527559,0.7519685039370079,0.6653543307086615
0.35826771653543305,0.38188976377952755,0.452755905511811,0.5787401574803149,0.20866141732283464,0.3031496062992126,0.6259842519685039,0.3346456692913386,0.2952755905511811,0.23228346456692914,0.7007874015748031,0.8346456692913385,0.3188976377952756,0.31496062992125984,0.41732283464566927,0.6338582677165354,0.5551181102362205,0.6811023622047244
0.30708661417322836,0.39763779527559057,0.484251968503937,0.44881889763779526,0.20078740157480315,0.3110236220472441,0.6535433070866141,0.7519685039370079,0.25984251968503935,0.2204724409448819,0.7007874015748031,0.8267716535433071,0.2795275590551181,0.3543307086614173,0.4094488188976378,0.6417322834645669,0.610236220472441,0.6653543307086615
0.3031496062992126,0.3937007874015748,0.47244094488188976,0.39763779527559057,0.2283464566929134,0.3110236220472441,0.610236220472441,0.7598425196850394,0.27165354330708663,0.1889763779527559,0.6614173228346457,0.8267716535433071,0.38188976377952755,0.3661417322834646,0.3858267716535433,0.6771653543307087,0.7165354330708661,0.6496062992125984
0.3425196850393701,0.4094488188976378,0.4566929133858268,0.5866141732283464,0.2204724409448819,0.3110236220472441,0.6062992125984252,0.32677165354330706,0.29133858267716534,0.2440944881889764,0.6929133858267716,0.84251968503937,0.3188976377952756,0.2992125984251969,0.4094488188976378,0.6456692913385826,0.5275590551181102,0.6811023622047244
0.3425196850393701,0.41732283464566927,0.4645669291338583,0.562992125984252,0.1889763779527559,0.3188976377952756,0.6062992125984252,0.3188976377952756,0.29133858267716534,0.23622047244094488,0.6929133858267716,0.84251968503937,0.3188976377952756,0.30708661417322836,0.4094488188976378,0.6377952755905512,0.5118110236220472,0.6732283464566929
0.3464566929133858,0.43700787401574803,0.5393700787401575,0.47244094488188976,0.17716535433070865,0.32677165354330706,0.5590551181102362,0.3346456692913386,0.2874015748031496,0.18503937007874016,0.6614173228346457,0.84251968503937,0.25196850393700787,0.29133858267716534,0.4251968503937008,0.5354330708661418,0.4409448818897638,0.6062992125984252
0.2677165354330709,0.3661417322834646,0.4921259842519685,0.39763779527559057,0.23228346456692914,0.3031496062992126,0.6338582677165354,0.7440944881889764,0.33858267716535434,0.18503937007874016,0.6692913385826772,0.8464566929133859,0.37401574803149606,0.3858267716535433,0.3937007874015748,0.6259842519685039,0.65748031496063,0.6456692913385826
0.468503937007874,0.5984251968503937,0.2992125984251969,0.6535433070866141,0.6929133858267716,0.3425196850393701,0.6692913385826772,0.6850393700787402,0.2992125984251969,0.4409448818897638,0.6850393700787402,0.7637795275590551,0.27165354330708663,0.4566929133858268,0.3346456692913386,0.28346456692913385,0.28346456692913385,0.6811023622047244
0.468503937007874,0.5984251968503937,0.2992125984251969,0.6535433070866141,0.6929133858267716,0.3346456692913386,0.6692913385826772,0.6850393700787402,0.2992125984251969,0.4330708661417323,0.6850393700787402,0.7637795275590551,0.27165354330708663,0.4566929133858268,0.3346456692913386,0.2755905511811024,0.28346456692913385,0.6968503937007874
0.30708661417322836,0.4015748031496063,0.5118110236220472,0.41732283464566927,0.22440944881889763,0.3110236220472441,0.6496062992125984,0.7480314960629921,0.32677165354330706,0.1889763779527559,0.6732283464566929,0.8346456692913385,0.3700787401574803,0.4094488188976378,0.38188976377952755,0.6141732283464567,0.6417322834645669,0.6653543307086615
0.44881889763779526,0.5826771653543307,0.3031496062992126,0.6338582677165354,0.7125984251968503,0.38188976377952755,0.6417322834645669,0.7204724409448819,0.2795275590551181,0.43700787401574803,0.65748031496063,0.7362204724409449,0.27165354330708663,0.4645669291338583,0.31496062992125984,0.2874015748031496,0.2952755905511811,0.6653543307086615
0.3543307086614173,0.42913385826771655,0.5393700787401575,0.5078740157480315,0.20866141732283464,0.32677165354330706,0.5669291338582677,0.33858267716535434,0.2952755905511811,0.20866141732283464,0.6771653543307087,0.8307086614173228,0.27165354330708663,0.27165354330708663,0.4015748031496063,0.49606299212598426,0.35826771653543305,0.6732283464566929
0.49606299212598426,0.5984251968503937,0.2952755905511811,0.6377952755905512,0.7007874015748031,0.3188976377952756,0.65748031496063,0.6929133858267716,0.2677165354330709,0.41338582677165353,0.6850393700787402,0.7322834645669292,0.2440944881889764,0.452755905511811,0.33858267716535434,0.29133858267716534,0.2755905511811024,0.6535433070866141
0.3543307086614173,0.4094488188976378,0.5196850393700787,0.5196850393700787,0.2204724409448819,0.3188976377952756,0.6181102362204725,0.35826771653543305,0.29133858267716534,0.2204724409448819,0.7007874015748031,0.8267716535433071,0.2047244094488189,0.30708661417322836,0.41732283464566927,0.49606299212598426,0.37401574803149606,0.6496062992125984
0.2440944881889764,0.3937007874015748,0.5275590551181102,0.43700787401574803,0.21653543307086615,0.3110236220472441,0.6496062992125984,0.7086614173228346,0.2755905511811024,0.25984251968503935,0.7007874015748031,0.8346456692913385,0.2204724409448819,0.35826771653543305,0.4015748031496063,0.547244094488189,0.49606299212598426,0.65748031496063
0.2677165354330709,0.4015748031496063,0.5275590551181102,0.4448818897637795,0.21653543307086615,0.3110236220472441,0.6496062992125984,0.7086614173228346,0.2755905511811024,0.2755905511811024,0.7007874015748031,0.8346456692913385,0.2125984251968504,0.35826771653543305,0.4015748031496063,0.547244094488189,0.49606299212598426,0.65748031496063
0.2755905511811024,0.4015748031496063,0.5275590551181102,0.46062992125984253,0.21653543307086615,0.3110236220472441,0.65748031496063,0.7086614173228346,0.2755905511811024,0.2755905511811024,0.7007874015748031,0.8346456692913385,0.2125984251968504,0.35826771653543305,0.4015748031496063,0.547244094488189,0.49606299212598426,0.65748031496063
0.468503937007874,0.5787401574803149,0.3031496062992126,0.6653543307086615,0.7047244094488189,0.3464566929133858,0.6732283464566929,0.6771653543307087,0.28346456692913385,0.4448818897637795,0.7007874015748031,0.7519685039370079,0.2440944881889764,0.4448818897637795,0.3543307086614173,0.2952755905511811,0.2795275590551181,0.6653543307086615
0.27165354330708663,0.38976377952755903,0.5354330708661418,0.40551181102362205,0.2204724409448819,0.3188976377952756,0.65748031496063,0.7322834645669292,0.2874015748031496,0.22440944881889763,0.6968503937007874,0.8267716535433071,0.3464566929133858,0.38188976377952755,0.41338582677165353,0.6614173228346457,0.7165354330708661,0.6732283464566929
0.5590551181102362,0.6259842519685039,0.30708661417322836,0.7047244094488189,0.6771653543307087,0.3188976377952756,0.7204724409448819,0.6771653543307087,0.2204724409448819,0.41732283464566927,0.7283464566929134,0.6929133858267716,0.23228346456692914,0.48031496062992124,0.3464566929133858,0.24015748031496062,0.2795275590551181,0.6377952755905512
0.5511811023622047,0.6259842519685039,0.31496062992125984,0.6889763779527559,0.6850393700787402,0.3188976377952756,0.7125984251968503,0.6850393700787402,0.2204724409448819,0.4094488188976378,0.7204724409448819,0.7086614173228346,0.21653543307086615,0.48031496062992124,0.3464566929133858,0.24803149606299213,0.27165354330708663,0.6535433070866141
0.33070866141732286,0.42913385826771655,0.5433070866141733,0.5118110236220472,0.18110236220472442,0.33070866141732286,0.5590551181102362,0.33858267716535434,0.2952755905511811,0.18503937007874016,0.6850393700787402,0.8228346456692913,0.16929133858267717,0.2637795275590551,0.41732283464566927,0.4645669291338583,0.3031496062992126,0.6181102362204725
0.25984251968503935,0.3858267716535433,0.4921259842519685,0.40551181102362205,0.2125984251968504,0.3228346456692913,0.6141732283464567,0.7322834645669292,0.2952755905511811,0.2125984251968504,0.6692913385826772,0.8464566929133859,0.3188976377952756,0.3543307086614173,0.4015748031496063,0.5708661417322834,0.5236220472440944,0.6181102362204725
0.49606299212598426,0.6062992125984252,0.29133858267716534,0.6732283464566929,0.7047244094488189,0.3661417322834646,0.6692913385826772,0.7007874015748031,0.2677165354330709,0.4251968503937008,0.7086614173228346,0.7165354330708661,0.24015748031496062,0.468503937007874,0.33858267716535434,0.2559055118110236,0.27165354330708663,0.6692913385826772
0.3110236220472441,0.3937007874015748,0.4921259842519685,0.4330708661417323,0.20078740157480315,0.3228346456692913,0.6614173228346457,0.7519685039370079,0.3425196850393701,0.20866141732283464,0.6850393700787402,0.8267716535433071,0.3700787401574803,0.38188976377952755,0.4015748031496063,0.65748031496063,0.7244094488188977,0.6692913385826772
0.38188976377952755,0.4015748031496063,0.47244094488188976,0.5708661417322834,0.24015748031496062,0.30708661417322836,0.5984251968503937,0.33070866141732286,0.2992125984251969,0.2283464566929134,0.7007874015748031,0.8346456692913385,0.33858267716535434,0.28346456692913385,0.4015748031496063,0.6259842519685039,0.5590551181102362,0.6929133858267716
0.23228346456692914,0.3661417322834646,0.46062992125984253,0.39763779527559057,0.21653543307086615,0.30708661417322836,0.6181102362204725,0.7322834645669292,0.2755905511811024,0.2283464566929134,0.6771653543307087,0.8267716535433071,0.3031496062992126,0.3464566929133858,0.4015748031496063,0.594488188976378,0.5748031496062992,0.6535433070866141
0.49606299212598426,0.6062992125984252,0.28346456692913385,0.6496062992125984,0.6614173228346457,0.3543307086614173,0.6850393700787402,0.6850393700787402,0.2440944881889764,0.3779527559055118,0.7086614173228346,0.7283464566929134,0.2559055118110236,0.452755905511811,0.33070866141732286,0.2637795275590551,0.27165354330708663,0.6614173228346457
0.5118110236220472,0.6220472440944882,0.2992125984251969,0.6496062992125984,0.6692913385826772,0.3700787401574803,0.6850393700787402,0.6850393700787402,0.23622047244094488,0.3779527559055118,0.7007874015748031,0.7204724409448819,0.24803149606299213,0.468503937007874,0.33858267716535434,0.22440944881889763,0.27165354330708663,0.6850393700787402
0.35826771653543305,0.4409448818897638,0.5275590551181102,0.5,0.1889763779527559,0.33070866141732286,0.5708661417322834,0.33858267716535434,0.28346456692913385,0.21653543307086615,0.6811023622047244,0.8464566929133859,0.20078740157480315,0.2992125984251969,0.4094488188976378,0.5118110236220472,0.49606299212598426,0.6535433070866141
0.24803149606299213,0.38188976377952755,0.46062992125984253,0.3937007874015748,0.24015748031496062,0.30708661417322836,0.610236220472441,0.7283464566929134,0.37401574803149606,0.23228346456692914,0.6732283464566929,0.8307086614173228,0.38188976377952755,0.3464566929133858,0.41732283464566927,0.6811023622047244,0.7598425196850394,0.6220472440944882
0.31496062992125984,0.42913385826771655,0.547244094488189,0.452755905511811,0.17716535433070865,0.33070866141732286,0.531496062992126,0.33070866141732286,0.2874015748031496,0.1732283464566929,0.6732283464566929,0.8385826771653543,0.2559055118110236,0.25196850393700787,0.41338582677165353,0.5354330708661418,0.4330708661417323,0.6417322834645669
0.31496062992125984,0.42913385826771655,0.547244094488189,0.452755905511811,0.18503937007874016,0.33070866141732286,0.5393700787401575,0.3228346456692913,0.2874015748031496,0.1889763779527559,0.6653543307086615,0.8464566929133859,0.2559055118110236,0.25984251968503935,0.41338582677165353,0.5433070866141733,0.4330708661417323,0.6417322834645669
0.46062992125984253,0.562992125984252,0.2992125984251969,0.6535433070866141,0.6929133858267716,0.3464566929133858,0.6653543307086615,0.6889763779527559,0.29133858267716534,0.43700787401574803,0.6850393700787402,0.7244094488188977,0.24803149606299213,0.4645669291338583,0.3228346456692913,0.2637795275590551,0.2874015748031496,0.6692913385826772
0.32677165354330706,0.421259842519685,0.5393700787401575,0.47244094488188976,0.1889763779527559,0.33070866141732286,0.5590551181102362,0.32677165354330706,0.2952755905511811,0.1968503937007874,0.6850393700787402,0.8188976377952756,0.23228346456692914,0.25984251968503935,0.4094488188976378,0.48031496062992124,0.3346456692913386,0.6692913385826772
0.4921259842519685,0.6141732283464567,0.28346456692913385,0.6456692913385826,0.6889763779527559,0.3110236220472441,0.65748031496063,0.7047244094488189,0.2440944881889764,0.4251968503937008,0.7047244094488189,0.7125984251968503,0.23228346456692914,0.46062992125984253,0.33858267716535434,0.2440944881889764,0.27165354330708663,0.6732283464566929
0.4921259842519685,0.6141732283464567,0.29133858267716534,0.6535433070866141,0.6889763779527559,0.3110236220472441,0.65748031496063,0.7047244094488189,0.23622047244094488,0.4251968503937008,0.7047244094488189,0.7283464566929134,0.23228346456692914,0.452755905511811,0.33858267716535434,0.25196850393700787,0.27165354330708663,0.6889763779527559
0.4921259842519685,0.6141732283464567,0.29133858267716534,0.6535433070866141,0.6889763779527559,0.3110236220472441,0.6496062992125984,0.7125984251968503,0.23622047244094488,0.4251968503937008,0.7047244094488189,0.7362204724409449,0.22440944881889763,0.452755905511811,0.33858267716535434,0.25196850393700787,0.27165354330708663,0.6968503937007874
0.48031496062992124,0.6023622047244095,0.2992125984251969,0.6811023622047244,0.7125984251968503,0.33858267716535434,0.6929133858267716,0.65748031496063,0.2559055118110236,0.4330708661417323,0.7244094488188977,0.7125984251968503,0.2283464566929134,0.468503937007874,0.3425196850393701,0.23228346456692914,0.2755905511811024,0.6850393700787402
0.32677165354330706,0.421259842519685,0.484251968503937,0.3937007874015748,0.2204724409448819,0.31496062992125984,0.6023622047244095,0.7440944881889764,0.3346456692913386,0.21653543307086615,0.6535433070866141,0.8503937007874016,0.35826771653543305,0.3464566929133858,0.38976377952755903,0.5905511811023622,0.6062992125984252,0.6220472440944882
0.32677165354330706,0.421259842519685,0.4763779527559055,0.4094488188976378,0.2204724409448819,0.31496062992125984,0.610236220472441,0.7440944881889764,0.3346456692913386,0.22440944881889763,0.6614173228346457,0.8503937007874016,0.35826771653543305,0.3464566929133858,0.38976377952755903,0.5905511811023622,0.5905511811023622,0.6299212598425197
0.32677165354330706,0.421259842519685,0.4763779527559055,0.41732283464566927,0.2204724409448819,0.31496062992125984,0.6181102362204725,0.7440944881889764,0.3346456692913386,0.23228346456692914,0.6692913385826772,0.8503937007874016,0.35826771653543305,0.3543307086614173,0.39763779527559057,0.5905511811023622,0.5905511811023622,0.6299212598425197
0.2874015748031496,0.39763779527559057,0.4921259842519685,0.3779527559055118,0.20866141732283464,0.3228346456692913,0.6062992125984252,0.7519685039370079,0.30708661417322836,0.19291338582677164,0.6614173228346457,0.8346456692913385,0.3543307086614173,0.3779527559055118,0.38188976377952755,0.6062992125984252,0.6299212598425197,0.6614173228346457
0.4881889763779528,0.594488188976378,0.28346456692913385,0.6692913385826772,0.6929133858267716,0.35039370078740156,0.6811023622047244,0.6771653543307087,0.28346456692913385,0.40551181102362205,0.6850393700787402,0.7283464566929134,0.28346456692913385,0.46062992125984253,0.31496062992125984,0.24015748031496062,0.28346456692913385,0.6929133858267716
0.3346456692913386,0.41732283464566927,0.4921259842519685,0.41732283464566927,0.23228346456692914,0.30708661417322836,0.6456692913385826,0.7480314960629921,0.31496062992125984,0.20866141732283464,0.6771653543307087,0.8228346456692913,0.4015748031496063,0.38188976377952755,0.39763779527559057,0.6811023622047244,0.7559055118110236,0.6614173228346457
0.35826771653543305,0.4409448818897638,0.5196850393700787,0.421259842519685,0.18110236220472442,0.3346456692913386,0.5039370078740157,0.3346456692913386,0.2952755905511811,0.1732283464566929,0.6692913385826772,0.8149606299212598,0.36220472440944884,0.20866141732283464,0.4015748031496063,0.6259842519685039,0.5590551181102362,0.6811023622047244
0.5,0.594488188976378,0.31496062992125984,0.6692913385826772,0.7165354330708661,0.3228346456692913,0.6692913385826772,0.7047244094488189,0.24803149606299213,0.43700787401574803,0.7047244094488189,0.7283464566929134,0.2637795275590551,0.468503937007874,0.33858267716535434,0.23228346456692914,0.29133858267716534,0.7007874015748031
0.33070866141732286,0.43700787401574803,0.5393700787401575,0.4645669291338583,0.19291338582677164,0.3228346456692913,0.5551181102362205,0.3464566929133858,0.2874015748031496,0.23228346456692914,0.6811023622047244,0.84251968503937,0.24015748031496062,0.2677165354330709,0.421259842519685,0.5433070866141733,0.4881889763779528,0.6299212598425197
0.4763779527559055,0.5669291338582677,0.3031496062992126,0.6456692913385826,0.6889763779527559,0.3228346456692913,0.6496062992125984,0.6929133858267716,0.2559055118110236,0.4330708661417323,0.6929133858267716,0.7362204724409449,0.24015748031496062,0.4448818897637795,0.3346456692913386,0.27165354330708663,0.28346456692913385,0.6771653543307087
0.468503937007874,0.5748031496062992,0.3031496062992126,0.6377952755905512,0.6968503937007874,0.3228346456692913,0.6496062992125984,0.7007874015748031,0.2559055118110236,0.4251968503937008,0.6929133858267716,0.7440944881889764,0.24015748031496062,0.4448818897637795,0.3425196850393701,0.27165354330708663,0.2755905511811024,0.6929133858267716
0.468503937007874,0.5748031496062992,0.3031496062992126,0.6377952755905512,0.6968503937007874,0.31496062992125984,0.6496062992125984,0.7007874015748031,0.24803149606299213,0.4251968503937008,0.6929133858267716,0.7519685039370079,0.23228346456692914,0.4448818897637795,0.3425196850393701,0.27165354330708663,0.2755905511811024,0.7007874015748031
0.2559055118110236,0.37401574803149606,0.5039370078740157,0.38188976377952755,0.21653543307086615,0.3110236220472441,0.5984251968503937,0.7244094488188977,0.2677165354330709,0.1968503937007874,0.6692913385826772,0.8346456692913385,0.33858267716535434,0.3188976377952756,0.41338582677165353,0.6535433070866141,0.7244094488188977,0.6338582677165354
0.33070866141732286,0.40551181102362205,0.5354330708661418,0.46062992125984253,0.19291338582677164,0.3110236220472441,0.5393700787401575,0.3228346456692913,0.2874015748031496,0.19291338582677164,0.6614173228346457,0.8346456692913385,0.2795275590551181,0.25984251968503935,0.40551181102362205,0.6062992125984252,0.4921259842519685,0.6417322834645669
0.468503937007874,0.5708661417322834,0.2992125984251969,0.6614173228346457,0.6850393700787402,0.3464566929133858,0.6732283464566929,0.6811023622047244,0.2559055118110236,0.4330708661417323,0.6968503937007874,0.7283464566929134,0.24803149606299213,0.452755905511811,0.3346456692913386,0.2637795275590551,0.28346456692913385,0.6771653543307087
0.2952755905511811,0.3858267716535433,0.4921259842519685,0.40551181102362205,0.2125984251968504,0.30708661417322836,0.6062992125984252,0.7283464566929134,0.25984251968503935,0.20866141732283464,0.6653543307086615,0.8188976377952756,0.38188976377952755,0.3228346456692913,0.39763779527559057,0.6929133858267716,0.7637795275590551,0.6535433070866141
0.48031496062992124,0.5748031496062992,0.2952755905511811,0.6496062992125984,0.6850393700787402,0.33070866141732286,0.6653543307086615,0.6811023622047244,0.2677165354330709,0.40551181102362205,0.6929133858267716,0.7204724409448819,0.2677165354330709,0.452755905511811,0.3228346456692913,0.25196850393700787,0.28346456692913385,0.6614173228346457
0.3464566929133858,0.4409448818897638,0.5433070866141733,0.46062992125984253,0.18503937007874016,0.33070866141732286,0.5196850393700787,0.33070866141732286,0.2952755905511811,0.16929133858267717,0.6771653543307087,0.8070866141732284,0.28346456692913385,0.22440944881889763,0.3937007874015748,0.4881889763779528,0.3188976377952756,0.6456692913385826
0.49606299212598426,0.5826771653543307,0.2952755905511811,0.65748031496063,0.6811023622047244,0.2992125984251969,0.6653543307086615,0.7007874015748031,0.25196850393700787,0.4409448818897638,0.6929133858267716,0.7283464566929134,0.25196850393700787,0.44881889763779526,0.33070866141732286,0.2677165354330709,0.2677165354330709,0.6692913385826772
0.3188976377952756,0.4094488188976378,0.49606299212598426,0.4015748031496063,0.23228346456692914,0.2992125984251969,0.5984251968503937,0.7244094488188977,0.3031496062992126,0.20078740157480315,0.6535433070866141,0.8149606299212598,0.39763779527559057,0.3543307086614173,0.3858267716535433,0.6968503937007874,0.7637795275590551,0.6535433070866141
0.2992125984251969,0.4015748031496063,0.4921259842519685,0.38188976377952755,0.24015748031496062,0.30708661417322836,0.5866141732283464,0.7204724409448819,0.37401574803149606,0.1889763779527559,0.6496062992125984,0.8267716535433071,0.39763779527559057,0.3700787401574803,0.38188976377952755,0.6732283464566929,0.7125984251968503,0.6614173228346457
0.3228346456692913,0.4094488188976378,0.468503937007874,0.40551181102362205,0.24015748031496062,0.30708661417322836,0.594488188976378,0.7283464566929134,0.35826771653543305,0.2125984251968504,0.65748031496063,0.8267716535433071,0.38976377952755903,0.3779527559055118,0.38188976377952755,0.6732283464566929,0.7047244094488189,0.6535433070866141
0.33070866141732286,0.4094488188976378,0.5118110236220472,0.49606299212598426,0.2204724409448819,0.31496062992125984,0.547244094488189,0.3228346456692913,0.29133858267716534,0.2125984251968504,0.6496062992125984,0.8267716535433071,0.2952755905511811,0.2952755905511811,0.38976377952755903,0.6259842519685039,0.5551181102362205,0.6614173228346457
0.2992125984251969,0.4015748031496063,0.4881889763779528,0.38976377952755903,0.2283464566929134,0.30708661417322836,0.594488188976378,0.7440944881889764,0.3188976377952756,0.21653543307086615,0.6653543307086615,0.8267716535433071,0.35039370078740156,0.3425196850393701,0.38976377952755903,0.6338582677165354,0.6377952755905512,0.6535433070866141
0.35039370078740156,0.4094488188976378,0.49606299212598426,0.5354330708661418,0.2283464566929134,0.30708661417322836,0.5669291338582677,0.3228346456692913,0.2952755905511811,0.23622047244094488,0.6732283464566929,0.8346456692913385,0.3031496062992126,0.28346456692913385,0.39763779527559057,0.6181102362204725,0.5433070866141733,0.6692913385826772
0.35826771653543305,0.41732283464566927,0.49606299212598426,0.5275590551181102,0.23622047244094488,0.30708661417322836,0.5590551181102362,0.3228346456692913,0.2874015748031496,0.25196850393700787,0.6653543307086615,0.8346456692913385,0.2874015748031496,0.29133858267716534,0.39763779527559057,0.6181102362204725,0.5275590551181102,0.6614173228346457
0.3661417322834646,0.4251968503937008,0.49606299212598426,0.5275590551181102,0.23622047244094488,0.30708661417322836,0.5669291338582677,0.3228346456692913,0.2874015748031496,0.25984251968503935,0.6653543307086615,0.8346456692913385,0.2874015748031496,0.2992125984251969,0.39763779527559057,0.6181102362204725,0.5275590551181102,0.6614173228346457
0.468503937007874,0.5354330708661418,0.3031496062992126,0.6259842519685039,0.6968503937007874,0.3779527559055118,0.6338582677165354,0.7125984251968503,0.3228346456692913,0.43700787401574803,0.6889763779527559,0.7598425196850394,0.27165354330708663,0.4448818897637795,0.33858267716535434,0.2755905511811024,0.2952755905511811,0.6968503937007874
0.3110236220472441,0.39763779527559057,0.5,0.41732283464566927,0.24015748031496062,0.30708661417322836,0.6299212598425197,0.7362204724409449,0.3346456692913386,0.24015748031496062,0.6732283464566929,0.8149606299212598,0.4015748031496063,0.37401574803149606,0.39763779527559057,0.6929133858267716,0.7401574803149606,0.6653543307086615
0.3425196850393701,0.41338582677165353,0.5078740157480315,0.5354330708661418,0.20866141732283464,0.31496062992125984,0.5787401574803149,0.32677165354330706,0.2874015748031496,0.21653543307086615,0.6811023622047244,0.8307086614173228,0.31496062992125984,0.29133858267716534,0.39763779527559057,0.6456692913385826,0.5748031496062992,0.6811023622047244
0.30708661417322836,0.40551181102362205,0.49606299212598426,0.42913385826771655,0.22440944881889763,0.30708661417322836,0.6299212598425197,0.7480314960629921,0.2992125984251969,0.23622047244094488,0.6811023622047244,0.8228346456692913,0.3110236220472441,0.35826771653543305,0.39763779527559057,0.6299212598425197,0.562992125984252,0.6496062992125984
0.35039370078740156,0.41338582677165353,0.5118110236220472,0.515748031496063,0.21653543307086615,0.30708661417322836,0.547244094488189,0.32677165354330706,0.29133858267716534,0.23228346456692914,0.6732283464566929,0.8307086614173228,0.2874015748031496,0.27165354330708663,0.39763779527559057,0.6220472440944882,0.5078740157480315,0.6653543307086615
0.35826771653543305,0.42913385826771655,0.5039370078740157,0.515748031496063,0.22440944881889763,0.30708661417322836,0.547244094488189,0.32677165354330706,0.28346456692913385,0.24803149606299213,0.6732283464566929,0.8307086614173228,0.2795275590551181,0.2795275590551181,0.39763779527559057,0.6220472440944882,0.5078740157480315,0.6653543307086615
0.3661417322834646,0.42913385826771655,0.5039370078740157,0.515748031496063,0.22440944881889763,0.30708661417322836,0.547244094488189,0.32677165354330706,0.28346456692913385,0.24803149606299213,0.6732283464566929,0.8307086614173228,0.2795275590551181,0.2874015748031496,0.39763779527559057,0.6220472440944882,0.5078740157480315,0.65748031496063
0.5078740157480315,0.5826771653543307,0.2952755905511811,0.6456692913385826,0.7007874015748031,0.31496062992125984,0.65748031496063,0.7125984251968503,0.27165354330708663,0.4409448818897638,0.7047244094488189,0.7480314960629921,0.2559055118110236,0.452755905511811,0.3425196850393701,0.2795275590551181,0.2795275590551181,0.6889763779527559
0.3425196850393701,0.421259842519685,0.5,0.42913385826771655,0.23228346456692914,0.30708661417322836,0.6181102362204725,0.7362204724409449,0.3031496062992126,0.2283464566929134,0.6692913385826772,0.8110236220472441,0.3661417322834646,0.38976377952755903,0.37401574803149606,0.6023622047244095,0.6220472440944882,0.6496062992125984
0.3779527559055118,0.421259842519685,0.515748031496063,0.5196850393700787,0.21653543307086615,0.31496062992125984,0.5433070866141733,0.3425196850393701,0.2874015748031496,0.21653543307086615,0.6614173228346457,0.8346456692913385,0.2952755905511811,0.2992125984251969,0.38188976377952755,0.5393700787401575,0.421259842519685,0.6653543307086615
0.35039370078740156,0.4015748031496063,0.5236220472440944,0.48031496062992124,0.1889763779527559,0.33070866141732286,0.5866141732283464,0.3425196850393701,0.28346456692913385,0.1968503937007874,0.6850393700787402,0.84251968503937,0.25984251968503935,0.29133858267716534,0.41338582677165353,0.49606299212598426,0.41732283464566927,0.6299212598425197
0.452755905511811,0.547244094488189,0.3110236220472441,0.610236220472441,0.7047244094488189,0.3425196850393701,0.6181102362204725,0.7204724409448819,0.28346456692913385,0.41338582677165353,0.6811023622047244,0.7637795275590551,0.25984251968503935,0.4330708661417323,0.3425196850393701,0.2992125984251969,0.2755905511811024,0.6850393700787402
0.4448818897637795,0.547244094488189,0.3188976377952756,0.6023622047244095,0.7047244094488189,0.3346456692913386,0.6181102362204725,0.7204724409448819,0.29133858267716534,0.40551181102362205,0.6811023622047244,0.7637795275590551,0.25984251968503935,0.4330708661417323,0.3425196850393701,0.29133858267716534,0.2755905511811024,0.6929133858267716
0.4448818897637795,0.547244094488189,0.3188976377952756,0.6023622047244095,0.7125984251968503,0.3346456692913386,0.6181102362204725,0.7204724409448819,0.28346456692913385,0.40551181102362205,0.6811023622047244,0.7716535433070866,0.25196850393700787,0.4330708661417323,0.3425196850393701,0.28346456692913385,0.2755905511811024,0.7007874015748031
0.3425196850393701,0.4251968503937008,0.5196850393700787,0.484251968503937,0.2047244094488189,0.3228346456692913,0.5748031496062992,0.3464566929133858,0.29133858267716534,0.24803149606299213,0.6811023622047244,0.84251968503937,0.2677165354330709,0.2874015748031496,0.41338582677165353,0.515748031496063,0.44881889763779526,0.6338582677165354
0.35039370078740156,0.4330708661417323,0.5118110236220472,0.484251968503937,0.2047244094488189,0.3228346456692913,0.5748031496062992,0.33858267716535434,0.28346456692913385,0.24803149606299213,0.6811023622047244,0.84251968503937,0.25984251968503935,0.2952755905511811,0.40551181102362205,0.5236220472440944,0.4330708661417323,0.6338582677165354
0.5,0.5669291338582677,0.3031496062992126,0.6732283464566929,0.7165354330708661,0.3464566929133858,0.6614173228346457,0.6811023622047244,0.2874015748031496,0.4566929133858268,0.7165354330708661,0.7244094488188977,0.2559055118110236,0.43700787401574803,0.33858267716535434,0.27165354330708663,0.27165354330708663,0.6732283464566929
0.4921259842519685,0.5669291338582677,0.3110236220472441,0.6732283464566929,0.7165354330708661,0.33858267716535434,0.6614173228346457,0.6889763779527559,0.2874015748031496,0.44881889763779526,0.7165354330708661,0.7244094488188977,0.24803149606299213,0.43700787401574803,0.33858267716535434,0.27165354330708663,0.27165354330708663,0.6889763779527559
0.3031496062992126,0.41732283464566927,0.4921259842519685,0.39763779527559057,0.22440944881889763,0.3188976377952756,0.6023622047244095,0.7322834645669292,0.31496062992125984,0.1968503937007874,0.6653543307086615,0.8385826771653543,0.3661417322834646,0.3543307086614173,0.3858267716535433,0.6181102362204725,0.6732283464566929,0.6535433070866141
0.3464566929133858,0.41732283464566927,0.5118110236220472,0.515748031496063,0.18503937007874016,0.32677165354330706,0.5826771653543307,0.33858267716535434,0.28346456692913385,0.18110236220472442,0.6811023622047244,0.8307086614173228,0.3110236220472441,0.3110236220472441,0.3858267716535433,0.547244094488189,0.37401574803149606,0.6614173228346457
0.2952755905511811,0.4094488188976378,0.5354330708661418,0.43700787401574803,0.20866141732283464,0.3110236220472441,0.6417322834645669,0.7440944881889764,0.30708661417322836,0.21653543307086615,0.6811023622047244,0.8385826771653543,0.2992125984251969,0.36220472440944884,0.3858267716535433,0.5708661417322834,0.5118110236220472,0.6456692913385826
0.3700787401574803,0.4094488188976378,0.5,0.5118110236220472,0.18503937007874016,0.3188976377952756,0.5826771653543307,0.33858267716535434,0.2874015748031496,0.21653543307086615,0.6889763779527559,0.8385826771653543,0.2992125984251969,0.29133858267716534,0.3937007874015748,0.547244094488189,0.37401574803149606,0.6692913385826772
0.29133858267716534,0.4015748031496063,0.515748031496063,0.4251968503937008,0.21653543307086615,0.3110236220472441,0.6456692913385826,0.7440944881889764,0.3188976377952756,0.23622047244094488,0.6889763779527559,0.8385826771653543,0.2952755905511811,0.35826771653543305,0.3937007874015748,0.5748031496062992,0.5354330708661418,0.6456692913385826
0.484251968503937,0.5708661417322834,0.30708661417322836,0.6456692913385826,0.6929133858267716,0.37401574803149606,0.6850393700787402,0.6692913385826772,0.2637795275590551,0.4094488188976378,0.7047244094488189,0.7125984251968503,0.24803149606299213,0.468503937007874,0.3346456692913386,0.23228346456692914,0.2795275590551181,0.6771653543307087
0.3425196850393701,0.4015748031496063,0.515748031496063,0.4921259842519685,0.20078740157480315,0.32677165354330706,0.5984251968503937,0.3346456692913386,0.29133858267716534,0.2283464566929134,0.6850393700787402,0.8267716535433071,0.22440944881889763,0.2992125984251969,0.40551181102362205,0.44881889763779526,0.3346456692913386,0.6535433070866141
0.29133858267716534,0.4015748031496063,0.4881889763779528,0.3661417322834646,0.2283464566929134,0.3228346456692913,0.5826771653543307,0.7401574803149606,0.3543307086614173,0.1889763779527559,0.6377952755905512,0.84251968503937,0.3779527559055118,0.3700787401574803,0.37401574803149606,0.5905511811023622,0.5590551181102362,0.6496062992125984
0.2952755905511811,0.4094488188976378,0.48031496062992124,0.3858267716535433,0.2283464566929134,0.31496062992125984,0.6023622047244095,0.7480314960629921,0.3425196850393701,0.18110236220472442,0.65748031496063,0.84251968503937,0.3700787401574803,0.3779527559055118,0.3779527559055118,0.5905511811023622,0.5905511811023622,0.65748031496063
0.3346456692913386,0.4448818897637795,0.5551181102362205,0.4330708661417323,0.17716535433070865,0.3228346456692913,0.5236220472440944,0.30708661417322836,0.29133858267716534,0.1732283464566929,0.6535433070866141,0.8031496062992126,0.22440944881889763,0.2677165354330709,0.3937007874015748,0.5039370078740157,0.35039370078740156,0.6338582677165354
0.29133858267716534,0.40551181102362205,0.5078740157480315,0.3937007874015748,0.20866141732283464,0.31496062992125984,0.5905511811023622,0.7283464566929134,0.3188976377952756,0.2047244094488189,0.6614173228346457,0.8307086614173228,0.32677165354330706,0.35826771653543305,0.4015748031496063,0.6023622047244095,0.5748031496062992,0.6417322834645669
0.2992125984251969,0.40551181102362205,0.5,0.4330708661417323,0.20866141732283464,0.31496062992125984,0.6062992125984252,0.7362204724409449,0.3188976377952756,0.2204724409448819,0.6692913385826772,0.8385826771653543,0.3188976377952756,0.3661417322834646,0.4094488188976378,0.6023622047244095,0.5669291338582677,0.6417322834645669
0.49606299212598426,0.5708661417322834,0.3188976377952756,0.6889763779527559,0.7125984251968503,0.33858267716535434,0.6692913385826772,0.6889763779527559,0.2637795275590551,0.484251968503937,0.6811023622047244,0.7322834645669292,0.24803149606299213,0.484251968503937,0.3346456692913386,0.23228346456692914,0.28346456692913385,0.6929133858267716
0.49606299212598426,0.5787401574803149,0.3188976377952756,0.6889763779527559,0.7125984251968503,0.33858267716535434,0.6692913385826772,0.6889763779527559,0.2637795275590551,0.4763779527559055,0.6811023622047244,0.7322834645669292,0.24803149606299213,0.484251968503937,0.3346456692913386,0.24015748031496062,0.28346456692913385,0.7086614173228346
0.36220472440944884,0.4448818897637795,0.5433070866141733,0.4763779527559055,0.1889763779527559,0.3346456692913386,0.5826771653543307,0.33858267716535434,0.28346456692913385,0.2204724409448819,0.6889763779527559,0.8385826771653543,0.24015748031496062,0.2952755905511811,0.421259842519685,0.5393700787401575,0.4645669291338583,0.6259842519685039
0.2440944881889764,0.38976377952755903,0.5118110236220472,0.39763779527559057,0.2204724409448819,0.3188976377952756,0.6141732283464567,0.7440944881889764,0.3188976377952756,0.24803149606299213,0.6732283464566929,0.8385826771653543,0.3228346456692913,0.35826771653543305,0.40551181102362205,0.5708661417322834,0.5275590551181102,0.6338582677165354
0.33070866141732286,0.39763779527559057,0.5236220472440944,0.5078740157480315,0.1968503937007874,0.33070866141732286,0.5984251968503937,0.33858267716535434,0.2952755905511811,0.23228346456692914,0.6889763779527559,0.8385826771653543,0.23228346456692914,0.2992125984251969,0.4330708661417323,0.547244094488189,0.4763779527559055,0.6181102362204725
0.2992125984251969,0.39763779527559057,0.5078740157480315,0.39763779527559057,0.2125984251968504,0.31496062992125984,0.6377952755905512,0.7401574803149606,0.3110236220472441,0.21653543307086615,0.6771653543307087,0.8346456692913385,0.3464566929133858,0.3661417322834646,0.38976377952755903,0.5826771653543307,0.5748031496062992,0.6535433070866141
0.4921259842519685,0.5551181102362205,0.3110236220472441,0.6889763779527559,0.7125984251968503,0.3425196850393701,0.6535433070866141,0.7007874015748031,0.23228346456692914,0.41732283464566927,0.6850393700787402,0.6929133858267716,0.25196850393700787,0.468503937007874,0.32677165354330706,0.2559055118110236,0.2755905511811024,0.6377952755905512
0.3425196850393701,0.42913385826771655,0.5551181102362205,0.48031496062992124,0.18110236220472442,0.33070866141732286,0.5590551181102362,0.3228346456692913,0.2952755905511811,0.1968503937007874,0.6929133858267716,0.8149606299212598,0.2795275590551181,0.2559055118110236,0.40551181102362205,0.4881889763779528,0.3228346456692913,0.6496062992125984
0.3661417322834646,0.43700787401574803,0.547244094488189,0.5039370078740157,0.2047244094488189,0.3228346456692913,0.5748031496062992,0.31496062992125984,0.2952755905511811,0.23622047244094488,0.6850393700787402,0.8228346456692913,0.2637795275590551,0.2795275590551181,0.40551181102362205,0.4881889763779528,0.3228346456692913,0.6417322834645669
0.2992125984251969,0.41338582677165353,0.5,0.4448818897637795,0.23622047244094488,0.30708661417322836,0.6338582677165354,0.7362204724409449,0.3425196850393701,0.2637795275590551,0.6850393700787402,0.8307086614173228,0.3228346456692913,0.35826771653543305,0.40551181102362205,0.5511811023622047,0.5275590551181102,0.6417322834645669
0.35039370078740156,0.3188976377952756,0.5,0.5433070866141733,0.2125984251968504,0.30708661417322836,0.6023622047244095,0.31496062992125984,0.2992125984251969,0.24803149606299213,0.7086614173228346,0.8307086614173228,0.3188976377952756,0.29133858267716534,0.40551181102362205,0.5196850393700787,0.33070866141732286,0.6732283464566929
0.4763779527559055,0.5590551181102362,0.2952755905511811,0.6692913385826772,0.7007874015748031,0.36220472440944884,0.65748031496063,0.6968503937007874,0.33858267716535434,0.4409448818897638,0.7047244094488189,0.7519685039370079,0.2795275590551181,0.452755905511811,0.3425196850393701,0.2755905511811024,0.2755905511811024,0.65748031496063
0.468503937007874,0.5590551181102362,0.3031496062992126,0.6535433070866141,0.7007874015748031,0.3543307086614173,0.65748031496063,0.6968503937007874,0.3543307086614173,0.4094488188976378,0.7047244094488189,0.7519685039370079,0.2795275590551181,0.452755905511811,0.3425196850393701,0.2677165354330709,0.2677165354330709,0.6732283464566929
0.33858267716535434,0.4094488188976378,0.531496062992126,0.5078740157480315,0.1889763779527559,0.3228346456692913,0.5866141732283464,0.32677165354330706,0.3031496062992126,0.2677165354330709,0.6929133858267716,0.8346456692913385,0.20866141732283464,0.2755905511811024,0.4330708661417323,0.5354330708661418,0.44881889763779526,0.594488188976378
